t # 0
v 1 0
v 2 0
v 3 0
v 4 0
v 5 0
v 6 0
v 7 0
v 8 0
v 9 0
v 10 0
v 11 0
v 12 0
v 13 0
v 14 0
v 15 1
v 16 2
v 17 2
e 9 14 0
e 12 13 0
e 15 16 0
e 9 10 0
e 13 14 0
e 8 9 0
e 7 8 0
e 2 3 0
e 11 12 0
e 4 5 0
e 3 4 0
e 5 6 0
e 1 6 0
e 5 7 0
e 4 10 0
e 13 15 0
e 1 2 0
e 10 11 0
e 15 17 0
t # 1
v 44 0
v 45 0
v 46 0
v 47 0
v 48 0
v 49 0
v 50 0
v 51 0
v 52 0
v 53 0
v 54 0
v 55 0
v 56 0
v 57 0
v 58 0
v 59 0
v 60 1
v 61 2
v 62 2
e 54 59 0
e 60 61 0
e 47 56 0
e 54 55 0
e 46 47 0
e 45 46 0
e 57 60 0
e 44 49 0
e 50 51 0
e 44 45 0
e 58 59 0
e 52 53 0
e 60 62 0
e 48 50 0
e 53 54 0
e 51 52 0
e 47 48 0
e 57 58 0
e 56 57 0
e 48 49 0
e 55 56 0
e 50 55 0
t # 2
v 74 0
v 75 0
v 76 0
v 77 0
v 78 0
v 79 0
v 80 0
v 81 0
v 82 0
v 83 0
v 84 0
v 85 0
v 86 0
v 87 0
v 88 0
v 89 0
v 90 1
v 91 2
v 92 2
v 93 1
v 94 2
v 95 2
v 96 1
v 97 2
v 98 2
v 99 1
v 100 2
v 101 2
e 77 78 0
e 88 89 0
e 83 84 0
e 82 83 0
e 96 97 0
e 99 100 0
e 74 75 0
e 86 87 0
e 81 82 0
e 80 81 0
e 77 99 0
e 74 83 0
e 76 77 0
e 79 96 0
e 85 86 0
e 90 91 0
e 80 89 0
e 78 79 0
e 75 76 0
e 76 81 0
e 84 85 0
e 84 93 0
e 96 98 0
e 93 94 0
e 90 92 0
e 93 95 0
e 99 101 0
e 87 88 0
e 86 90 0
e 79 80 0
e 82 87 0
t # 3
v 118 0
v 119 0
v 120 2
v 121 2
v 122 0
v 123 0
v 124 0
v 125 0
v 126 0
v 127 0
v 128 0
v 129 0
v 130 0
v 131 0
v 132 0
v 133 0
v 134 0
v 135 1
v 136 2
v 137 2
e 124 125 0
e 133 134 0
e 135 136 0
e 119 121 0
e 118 119 0
e 132 133 0
e 130 131 0
e 129 134 0
e 122 127 0
e 123 124 0
e 122 123 0
e 131 132 0
e 125 130 0
e 119 120 0
e 135 137 0
e 126 127 0
e 121 122 0
e 126 128 0
e 128 129 0
e 129 130 0
e 125 126 0
e 133 135 0
t # 4
v 150 0
v 151 0
v 152 0
v 153 0
v 154 0
v 155 0
v 156 0
v 157 0
v 158 0
v 159 0
v 160 0
v 161 0
v 162 0
v 163 0
v 164 1
v 165 2
v 166 2
e 150 151 0
e 158 163 0
e 151 156 0
e 155 156 0
e 162 164 0
e 164 165 0
e 159 160 0
e 160 161 0
e 158 159 0
e 153 154 0
e 155 157 0
e 157 158 0
e 154 155 0
e 152 153 0
e 162 163 0
e 151 152 0
e 154 159 0
e 164 166 0
e 161 162 0
t # 5
v 167 0
v 168 0
v 169 0
v 170 0
v 171 0
v 172 0
v 173 0
v 174 0
v 175 0
v 176 0
v 177 0
v 178 0
v 179 0
v 180 0
v 181 1
v 182 2
v 183 2
e 175 180 0
e 167 172 0
e 174 175 0
e 170 176 0
e 167 168 0
e 179 180 0
e 171 173 0
e 176 177 0
e 171 172 0
e 178 179 0
e 173 174 0
e 174 181 0
e 169 170 0
e 181 183 0
e 181 182 0
e 175 176 0
e 170 171 0
e 177 178 0
e 168 169 0
t # 6
v 184 0
v 185 0
v 186 0
v 187 0
v 188 0
v 189 0
v 190 0
v 191 0
v 192 0
v 193 0
v 194 0
v 195 0
v 196 0
v 197 0
v 198 0
v 199 0
v 200 1
v 201 1
v 202 2
v 203 2
e 193 194 0
e 194 195 0
e 185 186 0
e 189 190 0
e 186 187 0
e 198 199 0
e 192 197 0
e 201 203 0
e 184 185 0
e 188 189 0
e 189 201 0
e 192 193 0
e 186 191 0
e 187 188 0
e 190 191 0
e 196 197 0
e 190 199 0
e 195 196 0
e 191 192 0
e 201 202 0
e 197 198 0
e 184 193 0
e 196 200 0
t # 7
v 204 0
v 205 0
v 206 0
v 207 0
v 208 0
v 209 0
v 210 0
v 211 0
v 212 0
v 213 0
v 214 0
v 215 0
v 216 0
v 217 0
v 218 0
v 219 0
v 220 1
v 221 2
v 222 2
v 223 1
v 224 2
v 225 2
e 206 207 0
e 217 218 0
e 215 216 0
e 207 208 0
e 214 219 0
e 210 211 0
e 220 221 0
e 213 223 0
e 205 206 0
e 223 225 0
e 218 219 0
e 214 215 0
e 223 224 0
e 218 220 0
e 210 215 0
e 220 222 0
e 204 209 0
e 216 217 0
e 211 212 0
e 204 205 0
e 208 210 0
e 213 214 0
e 208 209 0
e 212 213 0
e 207 216 0
t # 8
v 239 0
v 240 0
v 241 0
v 242 0
v 243 0
v 244 0
v 245 0
v 246 0
v 247 0
v 248 0
v 249 0
v 250 0
v 251 0
v 252 0
v 253 0
v 254 0
v 255 1
v 256 2
v 257 2
e 251 253 0
e 248 254 0
e 241 242 0
e 250 251 0
e 239 240 0
e 244 249 0
e 243 244 0
e 241 250 0
e 255 256 0
e 253 254 0
e 249 250 0
e 244 245 0
e 239 252 0
e 247 248 0
e 248 249 0
e 245 246 0
e 240 241 0
e 255 257 0
e 242 243 0
e 251 252 0
e 246 247 0
e 247 255 0
t # 9
v 258 0
v 259 0
v 260 0
v 261 0
v 262 0
v 263 0
v 264 0
v 265 0
v 266 0
v 267 0
v 268 0
v 269 0
v 270 0
v 271 0
v 272 0
v 273 0
v 274 1
v 275 2
v 276 2
v 277 1
v 278 2
v 279 2
e 268 269 0
e 277 278 0
e 258 263 0
e 272 273 0
e 270 271 0
e 258 259 0
e 274 276 0
e 267 268 0
e 259 260 0
e 271 272 0
e 266 267 0
e 265 266 0
e 277 279 0
e 261 270 0
e 260 261 0
e 269 270 0
e 261 262 0
e 262 263 0
e 268 273 0
e 273 274 0
e 264 269 0
e 274 275 0
e 267 277 0
e 264 265 0
e 262 264 0
t # 10
v 291 0
v 292 0
v 293 0
v 294 0
v 295 0
v 296 0
v 297 0
v 298 0
v 299 0
v 300 0
v 301 0
v 302 0
v 303 0
v 304 2
v 305 1
v 306 2
v 307 2
e 305 307 0
e 299 305 0
e 301 302 0
e 291 296 0
e 298 299 0
e 295 297 0
e 300 301 0
e 297 298 0
e 292 293 0
e 291 292 0
e 302 303 0
e 305 306 0
e 295 296 0
e 299 300 0
e 294 295 0
e 294 303 0
e 303 304 0
e 293 294 0
e 297 302 0
t # 11
v 321 0
v 322 0
v 323 0
v 324 0
v 325 0
v 326 0
v 327 0
v 328 1
v 329 0
v 330 0
v 331 0
v 332 0
v 333 0
v 334 0
v 335 0
v 336 1
v 337 2
v 338 2
e 323 331 0
e 331 332 0
e 324 329 0
e 330 335 0
e 332 333 0
e 329 330 0
e 336 337 0
e 323 324 0
e 321 326 0
e 326 327 0
e 334 335 0
e 327 328 0
e 322 323 0
e 330 331 0
e 334 336 0
e 324 325 0
e 321 322 0
e 333 334 0
e 325 326 0
e 336 338 0
t # 12
v 339 0
v 340 0
v 341 0
v 342 0
v 343 0
v 344 0
v 345 1
v 346 2
v 347 2
v 348 0
v 349 0
v 350 0
v 351 0
v 352 0
v 353 0
v 354 1
v 355 2
v 356 2
e 341 342 0
e 351 352 0
e 354 356 0
e 349 350 0
e 352 353 0
e 354 355 0
e 340 341 0
e 339 340 0
e 348 349 0
e 345 346 0
e 343 344 0
e 341 348 0
e 348 353 0
e 343 345 0
e 345 347 0
e 339 344 0
e 351 354 0
e 350 351 0
e 342 343 0
t # 13
v 357 0
v 358 0
v 359 0
v 360 0
v 361 0
v 362 0
v 363 1
v 364 2
v 365 2
v 366 0
v 367 0
v 368 0
v 369 0
v 370 0
v 371 0
v 372 0
v 373 4
e 359 360 0
e 371 373 0
e 358 359 0
e 357 358 0
e 368 369 0
e 360 366 0
e 363 364 0
e 370 371 0
e 369 370 0
e 361 362 0
e 367 372 0
e 362 363 0
e 363 365 0
e 360 361 0
e 367 368 0
e 357 362 0
e 371 372 0
e 359 368 0
e 366 367 0
t # 14
v 374 0
v 375 0
v 376 0
v 377 0
v 378 0
v 379 0
v 380 0
v 381 0
v 382 0
v 383 0
v 384 0
v 385 0
v 386 0
v 387 0
v 388 0
v 389 0
v 390 0
v 391 0
v 392 0
v 393 0
v 394 1
v 395 2
v 396 2
e 388 389 0
e 382 391 0
e 389 390 0
e 383 384 0
e 389 393 0
e 380 381 0
e 390 391 0
e 382 383 0
e 385 390 0
e 384 385 0
e 385 386 0
e 376 377 0
e 377 383 0
e 378 379 0
e 375 376 0
e 377 378 0
e 386 387 0
e 381 382 0
e 391 392 0
e 393 394 0
e 374 375 0
e 387 388 0
e 394 396 0
e 378 380 0
e 394 395 0
e 392 393 0
e 374 379 0
t # 15
v 397 0
v 398 0
v 399 0
v 400 0
v 401 0
v 402 0
v 403 0
v 404 0
v 405 0
v 406 0
v 407 0
v 408 0
v 409 0
v 410 0
v 411 0
v 412 0
v 413 0
v 414 0
v 415 0
v 416 0
v 417 0
v 418 0
v 419 0
v 420 0
v 421 1
v 422 2
v 423 2
e 397 398 0
e 419 420 0
e 410 411 0
e 402 417 0
e 418 419 0
e 414 415 0
e 399 416 0
e 408 419 0
e 409 410 0
e 413 414 0
e 411 420 0
e 408 409 0
e 401 402 0
e 402 403 0
e 399 400 0
e 405 406 0
e 416 417 0
e 417 418 0
e 421 423 0
e 404 405 0
e 403 404 0
e 412 413 0
e 407 408 0
e 405 418 0
e 400 401 0
e 421 422 0
e 398 399 0
e 415 420 0
e 397 414 0
e 406 421 0
e 411 412 0
e 406 407 0
e 415 416 0
t # 16
v 424 0
v 425 0
v 426 0
v 427 0
v 428 0
v 429 0
v 430 1
v 431 2
v 432 2
v 433 0
v 434 0
v 435 0
v 436 0
v 437 0
v 438 0
v 439 0
v 440 2
e 435 436 0
e 434 439 0
e 427 433 0
e 426 435 0
e 430 432 0
e 429 430 0
e 438 440 0
e 426 427 0
e 433 434 0
e 424 425 0
e 437 438 0
e 425 426 0
e 430 431 0
e 434 435 0
e 428 429 0
e 424 429 0
e 427 428 0
e 438 439 0
e 436 437 0
t # 17
v 441 0
v 442 0
v 443 0
v 444 0
v 445 0
v 446 0
v 447 1
v 448 2
v 449 2
v 450 1
v 451 2
v 452 2
v 453 5
e 442 443 0
e 450 452 0
e 445 446 0
e 450 451 0
e 447 448 0
e 443 453 0
e 447 449 0
e 446 447 0
e 441 442 0
e 444 450 0
e 444 445 0
e 441 446 0
e 443 444 0
t # 18
v 454 0
v 455 0
v 456 0
v 457 0
v 458 0
v 459 0
v 460 0
v 461 0
v 462 0
v 463 0
v 464 0
v 465 0
v 466 0
v 467 0
v 468 0
v 469 0
v 470 0
v 471 0
v 472 0
v 473 0
v 474 1
v 475 2
v 476 2
e 467 474 0
e 462 463 0
e 469 470 0
e 460 461 0
e 455 456 0
e 457 458 0
e 466 467 0
e 474 476 0
e 456 457 0
e 458 460 0
e 454 459 0
e 461 462 0
e 457 471 0
e 454 455 0
e 461 470 0
e 464 469 0
e 472 473 0
e 470 471 0
e 468 473 0
e 474 475 0
e 463 464 0
e 458 459 0
e 468 469 0
e 467 468 0
e 465 466 0
e 464 465 0
e 471 472 0
t # 19
v 477 0
v 478 0
v 479 0
v 480 0
v 481 0
v 482 0
v 483 1
v 484 2
v 485 2
v 486 0
v 487 0
v 488 0
v 489 0
v 490 0
v 491 0
v 492 0
v 493 3
e 487 492 0
e 477 482 0
e 482 483 0
e 491 492 0
e 479 480 0
e 488 489 0
e 491 493 0
e 481 482 0
e 479 488 0
e 490 491 0
e 478 479 0
e 477 478 0
e 487 488 0
e 483 484 0
e 480 486 0
e 483 485 0
e 480 481 0
e 489 490 0
e 486 487 0
t # 20
v 494 0
v 495 0
v 496 0
v 497 0
v 498 0
v 499 0
v 500 1
v 501 2
v 502 2
v 503 0
v 504 2
v 505 0
v 506 0
v 507 0
v 508 0
v 509 0
v 510 0
v 511 1
v 512 2
v 513 2
v 514 1
v 515 2
v 516 2
e 494 499 0
e 509 510 0
e 505 506 0
e 503 504 0
e 511 513 0
e 499 500 0
e 511 512 0
e 507 514 0
e 500 502 0
e 495 496 0
e 514 515 0
e 497 498 0
e 496 497 0
e 496 506 0
e 494 495 0
e 500 501 0
e 507 508 0
e 503 505 0
e 498 499 0
e 508 509 0
e 505 510 0
e 514 516 0
e 497 503 0
e 506 507 0
e 509 511 0
t # 21
v 517 0
v 518 0
v 519 0
v 520 0
v 521 0
v 522 0
v 523 0
v 524 0
v 525 0
v 526 0
v 527 0
v 528 0
v 529 0
v 530 0
v 531 0
v 532 0
v 533 0
v 534 0
v 535 0
v 536 0
v 537 1
v 538 2
v 539 2
e 527 528 0
e 527 536 0
e 518 519 0
e 517 534 0
e 531 532 0
e 529 535 0
e 524 525 0
e 526 527 0
e 533 534 0
e 523 528 0
e 521 522 0
e 537 539 0
e 517 518 0
e 519 520 0
e 530 531 0
e 529 530 0
e 528 529 0
e 523 524 0
e 532 533 0
e 535 536 0
e 525 526 0
e 536 537 0
e 522 523 0
e 522 531 0
e 520 521 0
e 520 533 0
e 537 538 0
t # 22
v 540 0
v 541 0
v 542 0
v 543 0
v 544 0
v 545 0
v 546 0
v 547 0
v 548 0
v 549 0
v 550 0
v 551 0
v 552 0
v 553 0
v 554 0
v 555 0
v 556 1
v 557 2
v 558 2
v 559 1
v 560 2
v 561 2
e 553 554 0
e 550 555 0
e 553 559 0
e 543 544 0
e 547 548 0
e 546 551 0
e 550 551 0
e 540 545 0
e 543 552 0
e 559 561 0
e 554 555 0
e 542 543 0
e 546 547 0
e 541 542 0
e 552 553 0
e 540 541 0
e 544 546 0
e 551 552 0
e 559 560 0
e 554 556 0
e 549 550 0
e 544 545 0
e 556 558 0
e 548 549 0
e 556 557 0
t # 23
v 562 0
v 563 0
v 564 0
v 565 0
v 566 0
v 567 0
v 568 0
v 569 0
v 570 0
v 571 0
v 572 0
v 573 0
v 574 1
v 575 2
v 576 2
v 577 1
v 578 2
v 579 2
v 580 1
v 581 2
v 582 2
v 583 1
v 584 2
v 585 2
e 566 567 0
e 565 580 0
e 570 571 0
e 562 563 0
e 569 570 0
e 580 581 0
e 568 573 0
e 565 566 0
e 564 583 0
e 574 575 0
e 571 577 0
e 564 565 0
e 583 584 0
e 568 569 0
e 577 578 0
e 573 574 0
e 574 576 0
e 562 567 0
e 563 564 0
e 567 568 0
e 571 572 0
e 583 585 0
e 577 579 0
e 580 582 0
e 572 573 0
t # 24
v 586 0
v 587 0
v 588 0
v 589 0
v 590 0
v 591 0
v 592 1
v 593 0
v 594 2
v 595 0
v 596 3
v 597 3
v 598 3
v 599 0
v 600 0
v 601 0
v 602 0
v 603 0
v 604 0
v 605 0
v 606 1
v 607 2
v 608 2
e 593 594 0
e 604 605 0
e 586 591 0
e 589 599 0
e 595 597 0
e 595 596 0
e 600 601 0
e 604 606 0
e 595 598 0
e 602 603 0
e 603 604 0
e 606 607 0
e 592 593 0
e 586 587 0
e 588 601 0
e 590 591 0
e 593 595 0
e 600 605 0
e 587 588 0
e 606 608 0
e 601 602 0
e 589 590 0
e 588 589 0
e 599 600 0
e 591 592 0
t # 25
v 622 0
v 623 0
v 624 0
v 625 0
v 626 0
v 627 0
v 628 1
v 629 0
v 630 0
v 631 0
v 632 0
v 633 0
v 634 0
v 635 0
v 636 1
v 637 2
v 638 2
e 622 623 0
e 634 636 0
e 630 635 0
e 636 637 0
e 629 630 0
e 630 631 0
e 631 632 0
e 634 635 0
e 626 627 0
e 625 626 0
e 632 633 0
e 624 631 0
e 624 625 0
e 636 638 0
e 633 634 0
e 627 628 0
e 625 629 0
e 623 624 0
e 622 627 0
t # 26
v 653 0
v 654 0
v 655 0
v 656 0
v 657 0
v 658 0
v 659 0
v 660 0
v 661 0
v 662 0
v 663 0
v 664 0
v 665 0
v 666 0
v 667 1
v 668 2
v 669 2
e 656 657 0
e 656 659 0
e 660 661 0
e 662 663 0
e 657 658 0
e 661 662 0
e 667 669 0
e 655 656 0
e 654 655 0
e 653 654 0
e 653 658 0
e 663 664 0
e 665 666 0
e 659 660 0
e 664 667 0
e 661 666 0
e 667 668 0
e 664 665 0
t # 27
v 713 0
v 714 0
v 715 0
v 716 0
v 717 0
v 718 0
v 719 1
v 720 2
v 721 2
v 722 0
v 723 0
v 724 0
v 725 0
v 726 0
v 727 0
v 728 0
v 729 6
e 722 723 0
e 725 726 0
e 723 724 0
e 716 717 0
e 727 728 0
e 717 718 0
e 713 714 0
e 715 724 0
e 719 721 0
e 719 720 0
e 715 716 0
e 724 725 0
e 716 722 0
e 723 728 0
e 726 727 0
e 718 719 0
e 727 729 0
e 714 715 0
e 713 718 0
t # 28
v 743 0
v 744 0
v 745 0
v 746 0
v 747 0
v 748 0
v 749 0
v 750 0
v 751 0
v 752 0
v 753 0
v 754 0
v 755 0
v 756 0
v 757 0
v 758 0
v 759 1
v 760 2
v 761 2
e 752 753 0
e 756 757 0
e 759 761 0
e 754 755 0
e 749 754 0
e 747 748 0
e 746 755 0
e 753 758 0
e 751 752 0
e 747 749 0
e 749 750 0
e 744 745 0
e 755 756 0
e 746 747 0
e 753 754 0
e 757 759 0
e 745 746 0
e 757 758 0
e 750 751 0
e 743 748 0
e 759 760 0
e 743 744 0
t # 29
v 762 0
v 763 0
v 764 0
v 765 0
v 766 0
v 767 0
v 768 0
v 769 0
v 770 0
v 771 0
v 772 0
v 773 0
v 774 0
v 775 0
v 776 1
v 777 2
v 778 2
e 776 778 0
e 768 769 0
e 776 777 0
e 764 765 0
e 763 764 0
e 770 775 0
e 773 774 0
e 765 771 0
e 762 763 0
e 770 771 0
e 774 776 0
e 766 768 0
e 772 773 0
e 769 770 0
e 771 772 0
e 765 766 0
e 762 767 0
e 774 775 0
e 766 767 0
t # 30
v 779 0
v 780 0
v 781 0
v 782 0
v 783 0
v 784 0
v 785 1
v 786 2
v 787 2
v 788 1
v 789 2
v 790 2
e 779 780 0
e 781 788 0
e 784 785 0
e 788 789 0
e 781 782 0
e 785 787 0
e 780 781 0
e 779 784 0
e 782 783 0
e 788 790 0
e 783 784 0
e 785 786 0
t # 31
v 791 0
v 792 0
v 793 0
v 794 0
v 795 0
v 796 0
v 797 0
v 798 0
v 799 0
v 800 0
v 801 0
v 802 0
v 803 0
v 804 0
v 805 0
v 806 0
v 807 1
v 808 2
v 809 2
v 810 0
v 811 0
v 812 0
v 813 0
e 796 810 0
e 791 792 0
e 793 798 0
e 803 807 0
e 800 801 0
e 792 793 0
e 799 800 0
e 797 806 0
e 794 795 0
e 811 812 0
e 795 813 0
e 795 796 0
e 807 808 0
e 791 800 0
e 798 799 0
e 793 794 0
e 810 811 0
e 802 803 0
e 799 804 0
e 812 813 0
e 805 806 0
e 801 802 0
e 803 804 0
e 807 809 0
e 804 805 0
e 797 798 0
e 796 797 0
t # 32
v 814 0
v 815 0
v 816 0
v 817 0
v 818 0
v 819 0
v 820 0
v 821 0
v 822 0
v 823 0
v 824 0
v 825 0
v 826 0
v 827 0
v 828 1
v 829 2
v 830 2
v 831 0
v 832 0
v 833 1
v 834 2
v 835 2
e 817 832 0
e 820 821 0
e 815 833 0
e 833 835 0
e 815 816 0
e 825 826 0
e 824 825 0
e 822 827 0
e 814 819 0
e 831 832 0
e 816 817 0
e 819 820 0
e 821 822 0
e 833 834 0
e 822 823 0
e 826 828 0
e 828 830 0
e 823 824 0
e 828 829 0
e 817 818 0
e 826 827 0
e 818 819 0
e 824 831 0
e 814 815 0
e 818 823 0
t # 33
v 836 0
v 837 0
v 838 0
v 839 0
v 840 0
v 841 0
v 842 0
v 843 0
v 844 0
v 845 0
v 846 0
v 847 0
v 848 0
v 849 0
v 850 1
v 851 2
v 852 2
e 841 842 0
e 844 845 0
e 836 849 0
e 843 850 0
e 838 839 0
e 850 852 0
e 845 846 0
e 837 838 0
e 846 847 0
e 847 848 0
e 836 837 0
e 850 851 0
e 839 848 0
e 840 841 0
e 841 846 0
e 839 840 0
e 848 849 0
e 842 843 0
e 843 844 0
t # 34
v 853 0
v 854 0
v 855 0
v 856 0
v 857 0
v 858 0
v 859 1
v 860 2
v 861 2
v 862 1
v 863 0
v 864 0
v 865 0
v 866 0
v 867 0
v 868 0
v 869 1
v 870 1
v 871 2
v 872 2
e 853 858 0
e 854 855 0
e 865 866 0
e 867 868 0
e 870 872 0
e 868 869 0
e 858 859 0
e 862 863 0
e 870 871 0
e 855 869 0
e 855 856 0
e 864 865 0
e 866 867 0
e 863 864 0
e 856 857 0
e 857 858 0
e 865 870 0
e 853 854 0
e 859 861 0
e 856 862 0
e 863 868 0
e 859 860 0
t # 35
v 873 0
v 874 0
v 875 0
v 876 0
v 877 0
v 878 0
v 879 0
v 880 0
v 881 1
v 882 2
v 883 2
v 884 0
v 885 0
v 886 1
v 887 2
v 888 2
e 874 875 0
e 884 886 0
e 873 874 0
e 873 885 0
e 880 881 0
e 879 880 0
e 881 882 0
e 876 884 0
e 884 885 0
e 877 878 0
e 876 877 0
e 875 880 0
e 881 883 0
e 886 887 0
e 878 879 0
e 875 876 0
e 886 888 0
t # 36
v 889 0
v 890 0
v 891 0
v 892 0
v 893 0
v 894 0
v 895 0
v 896 0
v 897 0
v 898 0
v 899 0
v 900 0
v 901 0
v 902 0
v 903 0
v 904 0
v 905 0
v 906 0
v 907 0
v 908 0
v 909 1
v 910 2
v 911 2
v 912 1
v 913 2
v 914 2
e 906 907 0
e 890 891 0
e 895 904 0
e 904 905 0
e 891 896 0
e 897 902 0
e 893 894 0
e 905 906 0
e 892 912 0
e 902 903 0
e 909 911 0
e 912 913 0
e 901 902 0
e 894 895 0
e 889 890 0
e 900 901 0
e 903 908 0
e 895 896 0
e 898 899 0
e 897 898 0
e 892 893 0
e 896 897 0
e 891 892 0
e 901 909 0
e 909 910 0
e 899 900 0
e 889 898 0
e 907 908 0
e 912 914 0
e 903 904 0
t # 37
v 915 0
v 916 0
v 917 0
v 918 0
v 919 0
v 920 0
v 921 0
v 922 0
v 923 0
v 924 0
v 925 0
v 926 0
v 927 0
v 928 0
v 929 0
v 930 0
v 931 0
v 932 0
v 933 0
v 934 0
v 935 1
v 936 2
v 937 2
v 938 1
v 939 2
v 940 2
e 917 918 0
e 924 925 0
e 921 938 0
e 923 924 0
e 917 926 0
e 923 935 0
e 918 919 0
e 930 931 0
e 925 926 0
e 919 920 0
e 920 925 0
e 931 932 0
e 933 934 0
e 935 937 0
e 938 939 0
e 927 928 0
e 938 940 0
e 929 930 0
e 915 916 0
e 926 927 0
e 929 934 0
e 921 922 0
e 927 929 0
e 924 930 0
e 935 936 0
e 915 928 0
e 922 923 0
e 920 921 0
e 932 933 0
e 916 917 0
t # 38
v 941 0
v 942 0
v 943 0
v 944 0
v 945 0
v 946 0
v 947 1
v 948 2
v 949 2
v 950 0
v 951 0
v 952 0
v 953 0
v 954 0
v 955 0
v 956 0
v 957 1
v 958 2
v 959 2
e 941 942 0
e 957 959 0
e 943 952 0
e 947 948 0
e 942 943 0
e 944 950 0
e 943 944 0
e 945 946 0
e 953 954 0
e 944 945 0
e 946 947 0
e 947 949 0
e 951 956 0
e 950 951 0
e 951 952 0
e 952 953 0
e 955 957 0
e 941 946 0
e 955 956 0
e 957 958 0
e 954 955 0
t # 39
v 960 0
v 961 0
v 962 0
v 963 0
v 964 0
v 965 0
v 966 1
v 967 2
v 968 2
v 969 2
v 970 0
v 971 0
v 972 0
v 973 0
v 974 0
v 975 0
v 976 2
v 977 5
v 978 5
e 963 964 0
e 966 967 0
e 975 976 0
e 970 975 0
e 972 973 0
e 970 971 0
e 962 976 0
e 965 966 0
e 974 975 0
e 962 963 0
e 973 977 0
e 971 972 0
e 963 969 0
e 969 970 0
e 973 974 0
e 972 978 0
e 960 965 0
e 961 962 0
e 960 961 0
e 966 968 0
e 964 965 0
t # 40
v 993 0
v 994 0
v 995 0
v 996 0
v 997 0
v 998 0
v 999 1
v 1000 0
v 1001 0
v 1002 0
v 1003 0
v 1004 0
v 1005 0
v 1006 1
v 1007 1
v 1008 2
v 1009 2
e 1001 1002 0
e 994 995 0
e 996 1006 0
e 997 998 0
e 1005 1006 0
e 997 999 0
e 1000 1005 0
e 1003 1007 0
e 996 997 0
e 1002 1003 0
e 1000 1001 0
e 1003 1004 0
e 1004 1005 0
e 995 996 0
e 1007 1009 0
e 993 998 0
e 1007 1008 0
e 999 1000 0
e 993 994 0
t # 41
v 1010 0
v 1011 0
v 1012 0
v 1013 0
v 1014 0
v 1015 0
v 1016 0
v 1017 0
v 1018 0
v 1019 0
v 1020 0
v 1021 0
v 1022 1
v 1023 2
v 1024 2
v 1025 1
v 1026 2
v 1027 2
v 1028 1
v 1029 2
v 1030 2
e 1010 1015 0
e 1028 1029 0
e 1012 1028 0
e 1010 1011 0
e 1019 1020 0
e 1025 1026 0
e 1016 1021 0
e 1014 1015 0
e 1013 1014 0
e 1025 1027 0
e 1022 1024 0
e 1012 1013 0
e 1018 1019 0
e 1016 1017 0
e 1021 1022 0
e 1011 1012 0
e 1015 1016 0
e 1020 1021 0
e 1017 1018 0
e 1019 1025 0
e 1028 1030 0
e 1022 1023 0
t # 42
v 1031 0
v 1032 0
v 1033 0
v 1034 0
v 1035 0
v 1036 0
v 1037 0
v 1038 0
v 1039 0
v 1040 0
v 1041 0
v 1042 0
v 1043 0
v 1044 1
v 1045 2
v 1046 2
v 1047 0
v 1048 0
v 1049 0
v 1050 0
v 1051 0
v 1052 0
v 1053 0
v 1054 2
v 1055 2
e 1031 1040 0
e 1051 1054 0
e 1032 1033 0
e 1043 1044 0
e 1044 1045 0
e 1041 1042 0
e 1038 1043 0
e 1048 1049 0
e 1036 1037 0
e 1050 1055 0
e 1034 1039 0
e 1051 1052 0
e 1040 1041 0
e 1044 1046 0
e 1031 1032 0
e 1038 1039 0
e 1035 1047 0
e 1050 1051 0
e 1034 1035 0
e 1047 1048 0
e 1035 1036 0
e 1042 1043 0
e 1048 1053 0
e 1033 1049 0
e 1033 1034 0
e 1039 1040 0
e 1052 1053 0
e 1037 1038 0
e 1049 1050 0
t # 43
v 1056 0
v 1057 0
v 1058 0
v 1059 0
v 1060 0
v 1061 0
v 1062 0
v 1063 0
v 1064 0
v 1065 0
v 1066 0
v 1067 0
v 1068 0
v 1069 0
v 1070 0
v 1071 0
v 1072 0
v 1073 0
v 1074 0
v 1075 0
v 1076 1
v 1077 2
v 1078 2
e 1060 1061 0
e 1076 1077 0
e 1059 1060 0
e 1056 1061 0
e 1068 1070 0
e 1063 1064 0
e 1070 1071 0
e 1067 1068 0
e 1062 1063 0
e 1072 1073 0
e 1066 1075 0
e 1060 1062 0
e 1074 1076 0
e 1058 1059 0
e 1057 1058 0
e 1073 1074 0
e 1064 1069 0
e 1065 1066 0
e 1056 1057 0
e 1074 1075 0
e 1064 1065 0
e 1059 1065 0
e 1071 1072 0
e 1066 1067 0
e 1076 1078 0
e 1067 1073 0
e 1068 1069 0
t # 44
v 1079 0
v 1080 0
v 1081 0
v 1082 0
v 1083 0
v 1084 0
v 1085 0
v 1086 0
v 1087 0
v 1088 0
v 1089 1
v 1090 2
v 1091 2
v 1092 1
v 1093 2
v 1094 2
v 1095 1
v 1096 2
v 1097 2
e 1084 1085 0
e 1079 1080 0
e 1095 1097 0
e 1083 1084 0
e 1086 1087 0
e 1087 1088 0
e 1085 1086 0
e 1092 1094 0
e 1079 1088 0
e 1081 1082 0
e 1092 1093 0
e 1087 1089 0
e 1089 1090 0
e 1083 1095 0
e 1089 1091 0
e 1081 1086 0
e 1095 1096 0
e 1085 1092 0
e 1080 1081 0
e 1082 1083 0
t # 45
v 1098 0
v 1099 0
v 1100 0
v 1101 0
v 1102 0
v 1103 0
v 1104 1
v 1105 2
v 1106 2
v 1107 0
v 1108 0
v 1109 0
v 1110 0
v 1111 0
v 1112 0
v 1113 0
v 1114 5
e 1111 1112 0
e 1101 1102 0
e 1104 1106 0
e 1099 1100 0
e 1110 1111 0
e 1098 1099 0
e 1109 1110 0
e 1112 1114 0
e 1112 1113 0
e 1108 1113 0
e 1100 1109 0
e 1101 1107 0
e 1108 1109 0
e 1100 1101 0
e 1098 1103 0
e 1104 1105 0
e 1107 1108 0
e 1103 1104 0
e 1102 1103 0
t # 46
v 1126 0
v 1127 0
v 1128 0
v 1129 2
v 1130 0
v 1131 0
v 1132 0
v 1133 0
v 1134 2
v 1135 1
v 1136 1
v 1137 0
v 1138 0
v 1139 0
v 1140 0
v 1141 0
v 1142 2
v 1143 1
v 1144 2
v 1145 2
v 1146 1
v 1147 2
v 1148 2
e 1128 1146 0
e 1146 1147 0
e 1128 1129 0
e 1135 1136 0
e 1140 1141 0
e 1139 1140 0
e 1143 1145 0
e 1133 1134 0
e 1126 1130 0
e 1127 1128 0
e 1126 1127 0
e 1137 1138 0
e 1129 1130 0
e 1141 1143 0
e 1143 1144 0
e 1131 1132 0
e 1138 1139 0
e 1136 1137 0
e 1132 1133 0
e 1133 1135 0
e 1146 1148 0
e 1141 1142 0
e 1138 1142 0
e 1130 1131 0
t # 47
v 1149 0
v 1150 0
v 1151 0
v 1152 0
v 1153 0
v 1154 0
v 1155 1
v 1156 2
v 1157 2
v 1158 0
v 1159 2
v 1160 0
v 1161 0
v 1162 0
v 1163 0
v 1164 0
v 1165 0
v 1166 1
v 1167 2
v 1168 2
e 1155 1156 0
e 1153 1154 0
e 1149 1154 0
e 1152 1158 0
e 1164 1166 0
e 1160 1165 0
e 1154 1155 0
e 1163 1164 0
e 1166 1167 0
e 1149 1150 0
e 1150 1151 0
e 1161 1162 0
e 1151 1152 0
e 1155 1157 0
e 1160 1161 0
e 1152 1153 0
e 1158 1160 0
e 1162 1163 0
e 1158 1159 0
e 1151 1161 0
e 1166 1168 0
e 1164 1165 0
t # 48
v 1201 0
v 1202 0
v 1203 0
v 1204 0
v 1205 0
v 1206 0
v 1207 0
v 1208 0
v 1209 0
v 1210 0
v 1211 0
v 1212 0
v 1213 0
v 1214 0
v 1215 0
v 1216 0
v 1217 2
v 1218 1
v 1219 2
v 1220 2
e 1202 1203 0
e 1209 1210 0
e 1214 1215 0
e 1211 1212 0
e 1210 1211 0
e 1214 1218 0
e 1213 1214 0
e 1212 1213 0
e 1204 1213 0
e 1205 1206 0
e 1201 1202 0
e 1204 1205 0
e 1208 1209 0
e 1207 1212 0
e 1203 1204 0
e 1218 1219 0
e 1207 1208 0
e 1201 1206 0
e 1211 1216 0
e 1205 1207 0
e 1215 1216 0
e 1218 1220 0
e 1215 1217 0
t # 49
v 1221 0
v 1222 0
v 1223 0
v 1224 0
v 1225 0
v 1226 0
v 1227 0
v 1228 0
v 1229 0
v 1230 0
v 1231 0
v 1232 0
v 1233 0
v 1234 0
v 1235 0
v 1236 0
v 1237 0
v 1238 0
v 1239 0
v 1240 0
v 1241 1
v 1242 2
v 1243 2
e 1227 1228 0
e 1235 1240 0
e 1222 1223 0
e 1236 1237 0
e 1232 1241 0
e 1221 1226 0
e 1235 1236 0
e 1221 1222 0
e 1232 1233 0
e 1239 1240 0
e 1238 1239 0
e 1224 1238 0
e 1230 1231 0
e 1237 1238 0
e 1228 1229 0
e 1233 1234 0
e 1225 1226 0
e 1241 1243 0
e 1234 1235 0
e 1228 1237 0
e 1231 1236 0
e 1225 1227 0
e 1229 1230 0
e 1241 1242 0
e 1224 1225 0
e 1231 1232 0
e 1223 1224 0
t # 50
v 1244 0
v 1245 0
v 1246 0
v 1247 0
v 1248 0
v 1249 0
v 1250 1
v 1251 2
v 1252 2
v 1253 0
v 1254 0
v 1255 0
v 1256 0
v 1257 0
v 1258 0
v 1259 0
v 1260 1
v 1261 2
v 1262 2
e 1260 1262 0
e 1260 1261 0
e 1245 1246 0
e 1257 1258 0
e 1244 1249 0
e 1253 1254 0
e 1244 1245 0
e 1248 1250 0
e 1250 1252 0
e 1248 1249 0
e 1246 1247 0
e 1258 1259 0
e 1246 1259 0
e 1247 1248 0
e 1256 1257 0
e 1247 1253 0
e 1253 1258 0
e 1256 1260 0
e 1250 1251 0
e 1254 1255 0
e 1255 1256 0
t # 51
v 1277 0
v 1278 0
v 1279 0
v 1280 0
v 1281 0
v 1282 0
v 1283 0
v 1284 0
v 1285 0
v 1286 0
v 1287 0
v 1288 0
v 1289 0
v 1290 0
v 1291 0
v 1292 0
v 1293 0
v 1294 0
v 1295 0
v 1296 0
v 1297 1
v 1298 2
v 1299 2
v 1300 1
v 1301 2
v 1302 2
e 1297 1299 0
e 1284 1285 0
e 1288 1289 0
e 1297 1298 0
e 1279 1280 0
e 1291 1292 0
e 1290 1291 0
e 1282 1283 0
e 1283 1284 0
e 1300 1301 0
e 1294 1295 0
e 1277 1278 0
e 1286 1287 0
e 1285 1290 0
e 1278 1279 0
e 1283 1292 0
e 1291 1296 0
e 1289 1297 0
e 1293 1294 0
e 1281 1282 0
e 1292 1293 0
e 1277 1286 0
e 1289 1290 0
e 1285 1286 0
e 1287 1288 0
e 1295 1296 0
e 1300 1302 0
e 1282 1300 0
e 1279 1284 0
e 1280 1281 0
t # 52
v 1303 0
v 1304 0
v 1305 0
v 1306 0
v 1307 0
v 1308 0
v 1309 0
v 1310 0
v 1311 0
v 1312 0
v 1313 0
v 1314 0
v 1315 0
v 1316 1
v 1317 2
v 1318 2
e 1313 1314 0
e 1312 1313 0
e 1310 1311 0
e 1305 1306 0
e 1304 1305 0
e 1311 1312 0
e 1314 1315 0
e 1306 1311 0
e 1316 1317 0
e 1303 1304 0
e 1307 1308 0
e 1307 1309 0
e 1314 1316 0
e 1306 1307 0
e 1309 1310 0
e 1303 1308 0
e 1310 1315 0
e 1316 1318 0
t # 53
v 1335 0
v 1336 0
v 1337 0
v 1338 0
v 1339 0
v 1340 0
v 1341 0
v 1342 0
v 1343 0
v 1344 0
v 1345 0
v 1346 0
v 1347 0
v 1348 0
v 1349 0
v 1350 0
v 1351 0
v 1352 0
v 1353 0
v 1354 0
v 1355 1
v 1356 2
v 1357 2
e 1336 1337 0
e 1337 1342 0
e 1348 1353 0
e 1340 1341 0
e 1345 1354 0
e 1353 1354 0
e 1341 1346 0
e 1339 1340 0
e 1335 1336 0
e 1348 1349 0
e 1350 1351 0
e 1346 1347 0
e 1352 1353 0
e 1335 1344 0
e 1343 1344 0
e 1355 1356 0
e 1355 1357 0
e 1338 1339 0
e 1351 1352 0
e 1347 1348 0
e 1349 1350 0
e 1341 1342 0
e 1337 1338 0
e 1343 1345 0
e 1342 1343 0
e 1350 1355 0
e 1345 1346 0
t # 54
v 1358 0
v 1359 0
v 1360 0
v 1361 0
v 1362 0
v 1363 0
v 1364 0
v 1365 0
v 1366 0
v 1367 0
v 1368 0
v 1369 0
v 1370 1
v 1371 2
v 1372 2
v 1373 1
v 1374 2
v 1375 2
e 1362 1363 0
e 1364 1369 0
e 1373 1375 0
e 1370 1372 0
e 1360 1361 0
e 1366 1367 0
e 1364 1365 0
e 1361 1362 0
e 1358 1363 0
e 1359 1360 0
e 1367 1370 0
e 1368 1369 0
e 1370 1371 0
e 1363 1364 0
e 1367 1368 0
e 1373 1374 0
e 1360 1373 0
e 1365 1366 0
e 1358 1359 0
t # 55
v 1418 0
v 1419 0
v 1420 0
v 1421 0
v 1422 0
v 1423 0
v 1424 2
v 1425 0
v 1426 0
v 1427 0
v 1428 0
v 1429 0
v 1430 0
v 1431 2
v 1432 1
v 1433 2
v 1434 2
e 1424 1425 0
e 1426 1427 0
e 1425 1430 0
e 1421 1431 0
e 1432 1433 0
e 1429 1430 0
e 1427 1428 0
e 1422 1423 0
e 1421 1422 0
e 1425 1426 0
e 1428 1429 0
e 1432 1434 0
e 1420 1421 0
e 1419 1420 0
e 1418 1423 0
e 1422 1424 0
e 1418 1419 0
e 1430 1431 0
e 1428 1432 0
t # 56
v 1435 0
v 1436 0
v 1437 0
v 1438 0
v 1439 0
v 1440 0
v 1441 0
v 1442 0
v 1443 0
v 1444 0
v 1445 0
v 1446 0
v 1447 0
v 1448 0
v 1449 0
v 1450 0
v 1451 1
v 1452 2
v 1453 2
e 1442 1443 0
e 1441 1446 0
e 1443 1444 0
e 1439 1440 0
e 1438 1439 0
e 1446 1447 0
e 1451 1452 0
e 1437 1442 0
e 1437 1438 0
e 1435 1444 0
e 1447 1451 0
e 1451 1453 0
e 1445 1450 0
e 1445 1446 0
e 1440 1441 0
e 1443 1445 0
e 1449 1450 0
e 1441 1442 0
e 1448 1449 0
e 1447 1448 0
e 1436 1437 0
e 1435 1436 0
t # 57
v 1454 0
v 1455 0
v 1456 0
v 1457 0
v 1458 0
v 1459 0
v 1460 1
v 1461 2
v 1462 2
v 1463 1
v 1464 2
v 1465 2
e 1456 1463 0
e 1458 1460 0
e 1454 1455 0
e 1460 1461 0
e 1463 1465 0
e 1456 1457 0
e 1454 1459 0
e 1460 1462 0
e 1455 1456 0
e 1463 1464 0
e 1457 1458 0
e 1458 1459 0
t # 58
v 1466 0
v 1467 0
v 1468 0
v 1469 0
v 1470 0
v 1471 0
v 1472 0
v 1473 0
v 1474 0
v 1475 0
v 1476 0
v 1477 0
v 1478 0
v 1479 0
v 1480 0
v 1481 0
v 1482 1
v 1483 2
v 1484 2
v 1485 1
v 1486 2
v 1487 2
v 1488 1
v 1489 2
v 1490 2
e 1478 1479 0
e 1480 1481 0
e 1466 1467 0
e 1474 1475 0
e 1485 1487 0
e 1469 1478 0
e 1475 1476 0
e 1480 1482 0
e 1472 1473 0
e 1473 1474 0
e 1479 1485 0
e 1468 1469 0
e 1482 1484 0
e 1477 1478 0
e 1469 1470 0
e 1476 1477 0
e 1467 1468 0
e 1488 1490 0
e 1482 1483 0
e 1472 1477 0
e 1470 1472 0
e 1470 1471 0
e 1479 1480 0
e 1476 1481 0
e 1485 1486 0
e 1475 1488 0
e 1466 1471 0
e 1488 1489 0
t # 59
v 1491 0
v 1492 0
v 1493 0
v 1494 0
v 1495 1
v 1496 0
v 1497 0
v 1498 0
v 1499 0
v 1500 0
v 1501 0
v 1502 0
v 1503 0
v 1504 1
v 1505 2
v 1506 2
e 1501 1502 0
e 1498 1504 0
e 1500 1501 0
e 1491 1492 0
e 1498 1499 0
e 1493 1494 0
e 1496 1501 0
e 1492 1493 0
e 1491 1503 0
e 1494 1502 0
e 1494 1495 0
e 1504 1505 0
e 1499 1500 0
e 1496 1497 0
e 1495 1496 0
e 1502 1503 0
e 1504 1506 0
e 1497 1498 0
t # 60
v 1518 0
v 1519 0
v 1520 0
v 1521 0
v 1522 0
v 1523 0
v 1524 0
v 1525 0
v 1526 0
v 1527 0
v 1528 0
v 1529 0
v 1530 0
v 1531 0
v 1532 0
v 1533 0
v 1534 0
v 1535 0
v 1536 0
v 1537 0
v 1538 1
v 1539 2
v 1540 2
e 1520 1521 0
e 1529 1530 0
e 1525 1534 0
e 1538 1540 0
e 1538 1539 0
e 1526 1531 0
e 1537 1538 0
e 1518 1523 0
e 1535 1536 0
e 1532 1533 0
e 1524 1525 0
e 1533 1534 0
e 1527 1528 0
e 1533 1537 0
e 1531 1532 0
e 1526 1527 0
e 1519 1520 0
e 1528 1529 0
e 1534 1535 0
e 1522 1524 0
e 1522 1523 0
e 1536 1537 0
e 1521 1522 0
e 1530 1531 0
e 1525 1526 0
e 1518 1519 0
e 1521 1535 0
t # 61
v 1541 0
v 1542 0
v 1543 0
v 1544 0
v 1545 0
v 1546 0
v 1547 0
v 1548 0
v 1549 0
v 1550 0
v 1551 0
v 1552 0
v 1553 0
v 1554 0
v 1555 0
v 1556 0
v 1557 0
v 1558 0
v 1559 0
v 1560 0
v 1561 1
v 1562 2
v 1563 2
e 1549 1550 0
e 1552 1553 0
e 1559 1561 0
e 1547 1548 0
e 1556 1557 0
e 1551 1552 0
e 1551 1560 0
e 1561 1562 0
e 1544 1557 0
e 1559 1560 0
e 1542 1543 0
e 1541 1558 0
e 1553 1554 0
e 1546 1547 0
e 1541 1542 0
e 1548 1549 0
e 1546 1555 0
e 1543 1544 0
e 1557 1558 0
e 1561 1563 0
e 1547 1552 0
e 1555 1556 0
e 1550 1551 0
e 1544 1545 0
e 1553 1559 0
e 1545 1546 0
e 1554 1555 0
t # 62
v 1564 0
v 1565 0
v 1566 0
v 1567 0
v 1568 0
v 1569 0
v 1570 0
v 1571 0
v 1572 0
v 1573 0
v 1574 0
v 1575 0
v 1576 2
v 1577 1
v 1578 2
v 1579 2
e 1574 1575 0
e 1577 1578 0
e 1566 1567 0
e 1577 1579 0
e 1568 1570 0
e 1572 1573 0
e 1570 1575 0
e 1567 1568 0
e 1567 1576 0
e 1570 1571 0
e 1565 1566 0
e 1564 1565 0
e 1572 1577 0
e 1573 1574 0
e 1575 1576 0
e 1564 1569 0
e 1568 1569 0
e 1571 1572 0
t # 63
v 1605 0
v 1606 0
v 1607 0
v 1608 0
v 1609 0
v 1610 0
v 1611 0
v 1612 0
v 1613 0
v 1614 0
v 1615 0
v 1616 0
v 1617 0
v 1618 0
v 1619 0
v 1620 0
v 1621 0
v 1622 0
v 1623 0
v 1624 0
v 1625 1
v 1626 2
v 1627 2
e 1625 1627 0
e 1611 1616 0
e 1617 1622 0
e 1608 1609 0
e 1605 1610 0
e 1623 1624 0
e 1619 1625 0
e 1607 1608 0
e 1618 1619 0
e 1619 1620 0
e 1616 1617 0
e 1611 1612 0
e 1609 1610 0
e 1620 1621 0
e 1622 1623 0
e 1625 1626 0
e 1606 1607 0
e 1613 1614 0
e 1615 1616 0
e 1608 1618 0
e 1617 1618 0
e 1614 1615 0
e 1609 1611 0
e 1615 1624 0
e 1612 1613 0
e 1605 1606 0
e 1621 1622 0
t # 64
v 1628 0
v 1629 0
v 1630 0
v 1631 0
v 1632 0
v 1633 0
v 1634 0
v 1635 0
v 1636 0
v 1637 0
v 1638 0
v 1639 0
v 1640 0
v 1641 0
v 1642 0
v 1643 0
v 1644 1
v 1645 2
v 1646 2
v 1647 0
v 1648 0
v 1649 0
v 1650 0
v 1651 2
v 1652 2
e 1647 1648 0
e 1628 1637 0
e 1648 1651 0
e 1631 1650 0
e 1636 1637 0
e 1636 1641 0
e 1647 1652 0
e 1648 1649 0
e 1629 1630 0
e 1632 1647 0
e 1635 1636 0
e 1630 1635 0
e 1631 1632 0
e 1637 1638 0
e 1639 1640 0
e 1630 1631 0
e 1628 1629 0
e 1640 1641 0
e 1641 1642 0
e 1640 1644 0
e 1633 1634 0
e 1632 1633 0
e 1644 1646 0
e 1649 1650 0
e 1634 1635 0
e 1642 1643 0
e 1638 1639 0
e 1644 1645 0
e 1634 1643 0
t # 65
v 1653 0
v 1654 0
v 1655 0
v 1656 0
v 1657 0
v 1658 0
v 1659 0
v 1660 0
v 1661 0
v 1662 0
v 1663 0
v 1664 0
v 1665 0
v 1666 0
v 1667 1
v 1668 2
v 1669 2
v 1670 0
v 1671 0
e 1663 1670 0
e 1656 1662 0
e 1664 1665 0
e 1654 1655 0
e 1655 1656 0
e 1655 1671 0
e 1653 1658 0
e 1665 1667 0
e 1670 1671 0
e 1667 1668 0
e 1653 1654 0
e 1657 1659 0
e 1661 1666 0
e 1662 1663 0
e 1660 1661 0
e 1661 1662 0
e 1659 1660 0
e 1657 1658 0
e 1665 1666 0
e 1663 1664 0
e 1656 1657 0
e 1667 1669 0
t # 66
v 1672 0
v 1673 0
v 1674 0
v 1675 0
v 1676 0
v 1677 0
v 1678 0
v 1679 0
v 1680 0
v 1681 0
v 1682 0
v 1683 0
v 1684 0
v 1685 0
v 1686 0
v 1687 0
v 1688 0
v 1689 0
v 1690 0
v 1691 0
v 1692 1
v 1693 2
v 1694 2
e 1684 1689 0
e 1692 1694 0
e 1681 1682 0
e 1676 1677 0
e 1689 1690 0
e 1676 1678 0
e 1682 1691 0
e 1678 1683 0
e 1690 1691 0
e 1688 1692 0
e 1684 1685 0
e 1688 1689 0
e 1685 1686 0
e 1687 1688 0
e 1675 1685 0
e 1680 1681 0
e 1672 1673 0
e 1682 1683 0
e 1675 1676 0
e 1672 1677 0
e 1686 1687 0
e 1692 1693 0
e 1679 1680 0
e 1674 1675 0
e 1678 1679 0
e 1673 1674 0
e 1683 1684 0
t # 67
v 1695 0
v 1696 0
v 1697 0
v 1698 0
v 1699 0
v 1700 0
v 1701 0
v 1702 0
v 1703 0
v 1704 0
v 1705 0
v 1706 0
v 1707 0
v 1708 0
v 1709 0
v 1710 0
v 1711 1
v 1712 2
v 1713 2
e 1711 1712 0
e 1698 1699 0
e 1705 1706 0
e 1696 1697 0
e 1697 1698 0
e 1707 1708 0
e 1702 1703 0
e 1706 1707 0
e 1695 1708 0
e 1707 1709 0
e 1699 1700 0
e 1709 1710 0
e 1701 1702 0
e 1697 1706 0
e 1700 1701 0
e 1710 1711 0
e 1695 1696 0
e 1700 1705 0
e 1703 1704 0
e 1711 1713 0
e 1704 1710 0
e 1704 1705 0
t # 68
v 1714 0
v 1715 0
v 1716 0
v 1717 0
v 1718 0
v 1719 0
v 1720 0
v 1721 0
v 1722 0
v 1723 0
v 1724 1
v 1725 2
v 1726 2
v 1727 1
v 1728 2
v 1729 2
v 1730 1
v 1731 2
v 1732 2
e 1721 1722 0
e 1724 1726 0
e 1719 1720 0
e 1714 1715 0
e 1716 1721 0
e 1730 1731 0
e 1715 1716 0
e 1730 1732 0
e 1714 1723 0
e 1719 1727 0
e 1716 1717 0
e 1727 1729 0
e 1722 1723 0
e 1720 1721 0
e 1722 1724 0
e 1718 1719 0
e 1724 1725 0
e 1718 1730 0
e 1717 1718 0
e 1727 1728 0
t # 69
v 1733 0
v 1734 0
v 1735 0
v 1736 0
v 1737 0
v 1738 0
v 1739 0
v 1740 0
v 1741 0
v 1742 0
v 1743 0
v 1744 0
v 1745 0
v 1746 0
v 1747 0
v 1748 0
v 1749 1
v 1750 2
v 1751 2
v 1752 1
v 1753 2
v 1754 2
v 1755 1
v 1756 2
v 1757 2
e 1752 1753 0
e 1749 1750 0
e 1741 1742 0
e 1739 1748 0
e 1742 1743 0
e 1745 1749 0
e 1736 1755 0
e 1736 1737 0
e 1755 1756 0
e 1746 1747 0
e 1745 1746 0
e 1740 1741 0
e 1737 1738 0
e 1752 1754 0
e 1733 1734 0
e 1738 1752 0
e 1749 1751 0
e 1735 1740 0
e 1733 1742 0
e 1735 1736 0
e 1744 1745 0
e 1743 1744 0
e 1741 1746 0
e 1755 1757 0
e 1738 1739 0
e 1747 1748 0
e 1739 1740 0
e 1734 1735 0
t # 70
v 1758 0
v 1759 2
v 1760 0
v 1761 0
v 1762 0
v 1763 0
v 1764 0
v 1765 0
v 1766 0
v 1767 0
v 1768 0
v 1769 0
v 1770 0
v 1771 0
v 1772 0
v 1773 1
v 1774 2
v 1775 2
e 1766 1767 0
e 1767 1768 0
e 1771 1773 0
e 1763 1764 0
e 1760 1765 0
e 1758 1759 0
e 1761 1762 0
e 1759 1760 0
e 1773 1775 0
e 1771 1772 0
e 1770 1771 0
e 1769 1770 0
e 1764 1765 0
e 1762 1763 0
e 1763 1768 0
e 1764 1766 0
e 1760 1761 0
e 1773 1774 0
e 1767 1772 0
e 1768 1769 0
t # 71
v 1789 0
v 1790 0
v 1791 0
v 1792 0
v 1793 0
v 1794 0
v 1795 0
v 1796 0
v 1797 0
v 1798 0
v 1799 0
v 1800 0
v 1801 1
v 1802 2
v 1803 2
e 1792 1793 0
e 1797 1799 0
e 1791 1796 0
e 1791 1792 0
e 1801 1802 0
e 1797 1798 0
e 1794 1795 0
e 1799 1800 0
e 1801 1803 0
e 1789 1790 0
e 1795 1796 0
e 1796 1797 0
e 1789 1798 0
e 1795 1800 0
e 1800 1801 0
e 1793 1794 0
e 1790 1791 0
t # 72
v 1820 0
v 1821 0
v 1822 0
v 1823 0
v 1824 0
v 1825 0
v 1826 0
v 1827 0
v 1828 0
v 1829 0
v 1830 0
v 1831 0
v 1832 0
v 1833 0
v 1834 0
v 1835 0
v 1836 0
v 1837 0
v 1838 0
v 1839 0
v 1840 1
v 1841 2
v 1842 2
e 1836 1837 0
e 1826 1840 0
e 1824 1825 0
e 1835 1836 0
e 1840 1842 0
e 1832 1833 0
e 1834 1835 0
e 1838 1839 0
e 1827 1828 0
e 1825 1830 0
e 1822 1823 0
e 1837 1838 0
e 1831 1832 0
e 1825 1826 0
e 1830 1831 0
e 1832 1834 0
e 1826 1827 0
e 1828 1829 0
e 1822 1831 0
e 1820 1833 0
e 1834 1839 0
e 1829 1835 0
e 1829 1830 0
e 1821 1822 0
e 1823 1824 0
e 1820 1821 0
e 1840 1841 0
t # 73
v 1843 0
v 1844 0
v 1845 0
v 1846 0
v 1847 0
v 1848 0
v 1849 0
v 1850 2
v 1851 0
v 1852 0
v 1853 0
v 1854 0
v 1855 0
v 1856 0
v 1857 1
v 1858 2
v 1859 2
v 1860 1
v 1861 2
v 1862 2
v 1863 1
v 1864 2
v 1865 2
v 1866 1
v 1867 2
v 1868 2
e 1846 1847 0
e 1857 1859 0
e 1844 1845 0
e 1853 1860 0
e 1853 1854 0
e 1843 1848 0
e 1863 1865 0
e 1845 1846 0
e 1851 1856 0
e 1843 1844 0
e 1849 1851 0
e 1863 1864 0
e 1852 1853 0
e 1847 1848 0
e 1844 1866 0
e 1849 1850 0
e 1846 1863 0
e 1857 1858 0
e 1866 1867 0
e 1860 1862 0
e 1855 1856 0
e 1847 1852 0
e 1848 1849 0
e 1860 1861 0
e 1851 1852 0
e 1855 1857 0
e 1866 1868 0
e 1854 1855 0
t # 74
v 1869 0
v 1870 0
v 1871 0
v 1872 0
v 1873 0
v 1874 0
v 1875 0
v 1876 0
v 1877 0
v 1878 0
v 1879 0
v 1880 0
v 1881 0
v 1882 0
v 1883 0
v 1884 0
v 1885 1
v 1886 2
v 1887 2
e 1877 1878 0
e 1874 1879 0
e 1870 1871 0
e 1875 1876 0
e 1879 1880 0
e 1885 1886 0
e 1874 1875 0
e 1885 1887 0
e 1878 1884 0
e 1883 1884 0
e 1872 1873 0
e 1871 1872 0
e 1869 1870 0
e 1876 1877 0
e 1869 1882 0
e 1878 1879 0
e 1873 1874 0
e 1871 1880 0
e 1880 1881 0
e 1876 1885 0
e 1881 1883 0
e 1881 1882 0
t # 75
v 1888 0
v 1889 0
v 1890 0
v 1891 0
v 1892 0
v 1893 0
v 1894 0
v 1895 0
v 1896 0
v 1897 0
v 1898 0
v 1899 0
v 1900 0
v 1901 0
v 1902 0
v 1903 0
v 1904 0
v 1905 0
v 1906 0
v 1907 0
v 1908 1
v 1909 2
v 1910 2
e 1889 1890 0
e 1894 1895 0
e 1896 1908 0
e 1900 1902 0
e 1890 1899 0
e 1902 1907 0
e 1888 1889 0
e 1888 1901 0
e 1896 1897 0
e 1898 1899 0
e 1906 1907 0
e 1892 1893 0
e 1903 1904 0
e 1893 1898 0
e 1904 1905 0
e 1900 1901 0
e 1891 1892 0
e 1908 1910 0
e 1902 1903 0
e 1895 1896 0
e 1893 1894 0
e 1899 1900 0
e 1905 1906 0
e 1897 1903 0
e 1908 1909 0
e 1890 1891 0
e 1897 1898 0
t # 76
v 1911 0
v 1912 0
v 1913 0
v 1914 0
v 1915 0
v 1916 0
v 1917 0
v 1918 0
v 1919 0
v 1920 1
v 1921 0
v 1922 0
v 1923 1
v 1924 0
v 1925 1
v 1926 2
v 1927 2
e 1923 1924 0
e 1914 1915 0
e 1919 1920 0
e 1915 1925 0
e 1922 1923 0
e 1918 1919 0
e 1915 1916 0
e 1917 1918 0
e 1912 1913 0
e 1921 1922 0
e 1916 1921 0
e 1925 1927 0
e 1916 1917 0
e 1911 1912 0
e 1911 1924 0
e 1913 1914 0
e 1920 1921 0
e 1925 1926 0
e 1913 1922 0
t # 77
v 1928 0
v 1929 0
v 1930 0
v 1931 0
v 1932 0
v 1933 0
v 1934 0
v 1935 0
v 1936 0
v 1937 0
v 1938 0
v 1939 0
v 1940 0
v 1941 0
v 1942 0
v 1943 0
v 1944 2
v 1945 1
v 1946 2
v 1947 2
e 1928 1929 0
e 1928 1941 0
e 1935 1936 0
e 1939 1940 0
e 1936 1937 0
e 1932 1933 0
e 1943 1944 0
e 1930 1931 0
e 1930 1939 0
e 1936 1945 0
e 1940 1942 0
e 1945 1946 0
e 1938 1939 0
e 1933 1938 0
e 1945 1947 0
e 1940 1941 0
e 1933 1934 0
e 1931 1932 0
e 1942 1943 0
e 1937 1938 0
e 1934 1935 0
e 1937 1943 0
e 1929 1930 0
t # 78
v 1948 0
v 1949 0
v 1950 0
v 1951 0
v 1952 0
v 1953 0
v 1954 0
v 1955 0
v 1956 0
v 1957 0
v 1958 0
v 1959 0
v 1960 0
v 1961 0
v 1962 0
v 1963 0
v 1964 1
v 1965 2
v 1966 2
v 1967 1
v 1968 2
v 1969 2
v 1970 1
v 1971 2
v 1972 2
e 1959 1960 0
e 1957 1958 0
e 1964 1966 0
e 1964 1965 0
e 1955 1956 0
e 1954 1955 0
e 1961 1962 0
e 1952 1953 0
e 1962 1967 0
e 1962 1963 0
e 1958 1959 0
e 1956 1957 0
e 1948 1949 0
e 1951 1960 0
e 1956 1970 0
e 1951 1952 0
e 1952 1954 0
e 1970 1971 0
e 1967 1968 0
e 1958 1963 0
e 1948 1953 0
e 1960 1961 0
e 1963 1964 0
e 1949 1950 0
e 1954 1959 0
e 1970 1972 0
e 1967 1969 0
e 1950 1951 0
t # 79
v 1973 0
v 1974 0
v 1975 0
v 1976 0
v 1977 0
v 1978 0
v 1979 0
v 1980 0
v 1981 0
v 1982 0
v 1983 0
v 1984 0
v 1985 0
v 1986 0
v 1987 0
v 1988 0
v 1989 1
v 1990 2
v 1991 2
e 1983 1988 0
e 1977 1979 0
e 1984 1985 0
e 1988 1989 0
e 1979 1984 0
e 1983 1984 0
e 1973 1978 0
e 1987 1988 0
e 1985 1986 0
e 1986 1987 0
e 1982 1983 0
e 1979 1980 0
e 1981 1982 0
e 1973 1974 0
e 1989 1991 0
e 1974 1975 0
e 1976 1977 0
e 1976 1985 0
e 1977 1978 0
e 1989 1990 0
e 1980 1981 0
e 1975 1976 0
t # 80
v 1992 0
v 1993 0
v 1994 0
v 1995 0
v 1996 0
v 1997 0
v 1998 0
v 1999 0
v 2000 0
v 2001 0
v 2002 0
v 2003 0
v 2004 0
v 2005 0
v 2006 0
v 2007 0
v 2008 0
v 2009 0
v 2010 0
v 2011 0
v 2012 0
v 2013 0
v 2014 1
v 2015 2
v 2016 2
v 2017 1
v 2018 2
v 2019 2
e 2008 2013 0
e 2017 2019 0
e 2004 2005 0
e 1997 1998 0
e 1998 2017 0
e 2014 2015 0
e 1992 1993 0
e 1992 2005 0
e 1999 2000 0
e 2008 2009 0
e 2003 2004 0
e 2000 2001 0
e 2001 2010 0
e 1996 1997 0
e 1995 1996 0
e 1994 1995 0
e 2014 2016 0
e 1997 2002 0
e 1998 1999 0
e 2005 2006 0
e 2011 2012 0
e 2012 2013 0
e 2007 2008 0
e 2006 2007 0
e 2004 2009 0
e 2017 2018 0
e 2013 2014 0
e 2001 2002 0
e 2009 2010 0
e 1993 1994 0
e 2010 2011 0
e 2002 2003 0
e 1994 2003 0
t # 81
v 2055 0
v 2056 0
v 2057 0
v 2058 0
v 2059 0
v 2060 0
v 2061 0
v 2062 0
v 2063 0
v 2064 0
v 2065 0
v 2066 0
v 2067 1
v 2068 2
v 2069 2
e 2063 2064 0
e 2062 2063 0
e 2056 2057 0
e 2055 2056 0
e 2060 2067 0
e 2057 2058 0
e 2061 2062 0
e 2067 2068 0
e 2059 2060 0
e 2058 2059 0
e 2063 2065 0
e 2067 2069 0
e 2055 2064 0
e 2065 2066 0
e 2060 2061 0
e 2061 2066 0
e 2057 2062 0
t # 82
v 2099 0
v 2100 0
v 2101 0
v 2102 0
v 2103 0
v 2104 0
v 2105 1
v 2106 2
v 2107 2
v 2108 0
v 2109 0
v 2110 0
e 2099 2104 0
e 2099 2100 0
e 2102 2103 0
e 2104 2105 0
e 2101 2110 0
e 2105 2107 0
e 2100 2101 0
e 2108 2109 0
e 2103 2104 0
e 2102 2108 0
e 2105 2106 0
e 2109 2110 0
e 2101 2102 0
t # 83
v 2121 0
v 2122 0
v 2123 0
v 2124 0
v 2125 0
v 2126 0
v 2127 1
v 2128 2
v 2129 2
v 2130 0
v 2131 0
v 2132 0
v 2133 0
v 2134 0
v 2135 0
v 2136 1
v 2137 2
v 2138 2
v 2139 1
v 2140 2
v 2141 2
e 2125 2127 0
e 2136 2137 0
e 2127 2128 0
e 2122 2123 0
e 2121 2126 0
e 2130 2135 0
e 2139 2140 0
e 2130 2131 0
e 2124 2125 0
e 2121 2122 0
e 2123 2124 0
e 2134 2135 0
e 2139 2141 0
e 2135 2136 0
e 2127 2129 0
e 2133 2134 0
e 2125 2126 0
e 2132 2133 0
e 2136 2138 0
e 2123 2130 0
e 2133 2139 0
e 2131 2132 0
t # 84
v 2142 0
v 2143 0
v 2144 0
v 2145 0
v 2146 0
v 2147 0
v 2148 0
v 2149 0
v 2150 0
v 2151 0
v 2152 0
v 2153 0
v 2154 0
v 2155 0
v 2156 0
v 2157 0
v 2158 1
v 2159 2
v 2160 2
v 2161 0
v 2162 0
v 2163 0
v 2164 0
e 2153 2154 0
e 2154 2158 0
e 2150 2155 0
e 2158 2159 0
e 2147 2148 0
e 2148 2149 0
e 2143 2144 0
e 2148 2157 0
e 2150 2151 0
e 2161 2162 0
e 2145 2164 0
e 2142 2143 0
e 2151 2152 0
e 2163 2164 0
e 2146 2147 0
e 2145 2146 0
e 2155 2156 0
e 2154 2155 0
e 2162 2163 0
e 2144 2149 0
e 2158 2160 0
e 2146 2161 0
e 2152 2153 0
e 2149 2150 0
e 2156 2157 0
e 2144 2145 0
e 2142 2151 0
t # 85
v 2199 0
v 2200 0
v 2201 0
v 2202 0
v 2203 0
v 2204 0
v 2205 0
v 2206 0
v 2207 0
v 2208 0
v 2209 0
v 2210 0
v 2211 0
v 2212 0
v 2213 0
v 2214 0
v 2215 1
v 2216 2
v 2217 2
v 2218 1
v 2219 2
v 2220 2
v 2221 1
v 2222 2
v 2223 2
e 2209 2210 0
e 2200 2201 0
e 2203 2205 0
e 2218 2220 0
e 2213 2214 0
e 2208 2209 0
e 2202 2203 0
e 2221 2223 0
e 2213 2215 0
e 2203 2204 0
e 2210 2211 0
e 2212 2213 0
e 2209 2214 0
e 2207 2208 0
e 2202 2211 0
e 2211 2212 0
e 2206 2207 0
e 2215 2217 0
e 2212 2218 0
e 2218 2219 0
e 2199 2200 0
e 2215 2216 0
e 2221 2222 0
e 2201 2202 0
e 2205 2210 0
e 2207 2221 0
e 2205 2206 0
e 2199 2204 0
t # 86
v 2224 0
v 2225 0
v 2226 0
v 2227 0
v 2228 0
v 2229 0
v 2230 0
v 2231 0
v 2232 0
v 2233 0
v 2234 0
v 2235 0
v 2236 0
v 2237 0
v 2238 0
v 2239 0
v 2240 0
v 2241 0
v 2242 1
v 2243 2
v 2244 2
e 2242 2244 0
e 2235 2242 0
e 2232 2237 0
e 2230 2231 0
e 2224 2225 0
e 2236 2241 0
e 2233 2234 0
e 2225 2226 0
e 2226 2227 0
e 2239 2240 0
e 2228 2230 0
e 2228 2229 0
e 2236 2237 0
e 2242 2243 0
e 2237 2238 0
e 2231 2232 0
e 2240 2241 0
e 2235 2236 0
e 2232 2233 0
e 2227 2233 0
e 2227 2228 0
e 2234 2235 0
e 2224 2229 0
e 2238 2239 0
t # 87
v 2273 0
v 2274 0
v 2275 0
v 2276 0
v 2277 0
v 2278 0
v 2279 0
v 2280 0
v 2281 0
v 2282 0
v 2283 0
v 2284 0
v 2285 0
v 2286 0
v 2287 0
v 2288 0
v 2289 1
v 2290 2
v 2291 2
e 2273 2286 0
e 2281 2282 0
e 2282 2283 0
e 2277 2278 0
e 2282 2288 0
e 2289 2291 0
e 2287 2288 0
e 2274 2275 0
e 2280 2289 0
e 2283 2284 0
e 2278 2283 0
e 2276 2277 0
e 2275 2276 0
e 2284 2285 0
e 2279 2280 0
e 2280 2281 0
e 2285 2286 0
e 2278 2279 0
e 2275 2284 0
e 2273 2274 0
e 2285 2287 0
e 2289 2290 0
t # 88
v 2292 0
v 2293 0
v 2294 0
v 2295 0
v 2296 0
v 2297 0
v 2298 1
v 2299 2
v 2300 2
v 2301 1
v 2302 0
v 2303 0
v 2304 0
v 2305 0
v 2306 0
v 2307 0
v 2308 1
v 2309 1
v 2310 2
v 2311 2
e 2294 2295 0
e 2305 2306 0
e 2295 2296 0
e 2305 2309 0
e 2304 2305 0
e 2296 2297 0
e 2303 2304 0
e 2302 2303 0
e 2306 2307 0
e 2309 2310 0
e 2292 2297 0
e 2295 2301 0
e 2293 2294 0
e 2294 2308 0
e 2298 2299 0
e 2302 2307 0
e 2309 2311 0
e 2292 2293 0
e 2307 2308 0
e 2296 2298 0
e 2298 2300 0
e 2301 2302 0
t # 89
v 2312 0
v 2313 0
v 2314 0
v 2315 0
v 2316 0
v 2317 0
v 2318 1
v 2319 2
v 2320 2
v 2321 0
v 2322 0
v 2323 0
v 2324 0
v 2325 0
v 2326 0
v 2327 1
v 2328 2
v 2329 2
v 2330 1
v 2331 2
v 2332 2
e 2324 2330 0
e 2312 2313 0
e 2316 2318 0
e 2330 2331 0
e 2313 2314 0
e 2318 2319 0
e 2323 2324 0
e 2322 2323 0
e 2327 2329 0
e 2315 2316 0
e 2324 2325 0
e 2312 2317 0
e 2321 2326 0
e 2318 2320 0
e 2327 2328 0
e 2330 2332 0
e 2321 2322 0
e 2325 2327 0
e 2325 2326 0
e 2314 2321 0
e 2314 2315 0
e 2316 2317 0
t # 90
v 2333 0
v 2334 0
v 2335 0
v 2336 0
v 2337 0
v 2338 0
v 2339 0
v 2340 0
v 2341 0
v 2342 0
v 2343 1
v 2344 2
v 2345 2
v 2346 0
v 2347 0
e 2339 2340 0
e 2343 2345 0
e 2338 2339 0
e 2341 2342 0
e 2336 2337 0
e 2335 2347 0
e 2333 2334 0
e 2340 2343 0
e 2333 2342 0
e 2346 2347 0
e 2337 2338 0
e 2334 2335 0
e 2337 2346 0
e 2340 2341 0
e 2336 2341 0
e 2343 2344 0
e 2335 2336 0
t # 91
v 2424 0
v 2425 0
v 2426 0
v 2427 0
v 2428 0
v 2429 0
v 2430 0
v 2431 0
v 2432 0
v 2433 0
v 2434 0
v 2435 0
v 2436 0
v 2437 0
v 2438 0
v 2439 0
v 2440 1
v 2441 2
v 2442 2
v 2443 1
v 2444 2
v 2445 2
e 2429 2430 0
e 2432 2433 0
e 2432 2437 0
e 2437 2438 0
e 2425 2426 0
e 2435 2440 0
e 2443 2445 0
e 2433 2434 0
e 2427 2428 0
e 2424 2425 0
e 2443 2444 0
e 2428 2443 0
e 2428 2429 0
e 2436 2437 0
e 2440 2442 0
e 2426 2431 0
e 2431 2432 0
e 2440 2441 0
e 2435 2436 0
e 2434 2435 0
e 2430 2439 0
e 2426 2427 0
e 2424 2433 0
e 2438 2439 0
e 2430 2431 0
t # 92
v 2457 0
v 2458 0
v 2459 0
v 2460 0
v 2461 0
v 2462 0
v 2463 0
v 2464 0
v 2465 0
v 2466 0
v 2467 0
v 2468 0
v 2469 0
v 2470 0
v 2471 0
v 2472 0
v 2473 2
v 2474 1
v 2475 2
v 2476 2
e 2462 2467 0
e 2463 2464 0
e 2458 2459 0
e 2471 2472 0
e 2466 2472 0
e 2466 2467 0
e 2474 2476 0
e 2459 2468 0
e 2457 2458 0
e 2465 2473 0
e 2469 2470 0
e 2462 2463 0
e 2461 2462 0
e 2457 2470 0
e 2463 2474 0
e 2469 2471 0
e 2465 2466 0
e 2474 2475 0
e 2460 2461 0
e 2467 2468 0
e 2464 2465 0
e 2459 2460 0
e 2468 2469 0
t # 93
v 2477 0
v 2478 0
v 2479 0
v 2480 0
v 2481 0
v 2482 0
v 2483 0
v 2484 0
v 2485 0
v 2486 0
v 2487 0
v 2488 0
v 2489 0
v 2490 0
v 2491 0
v 2492 0
v 2493 1
v 2494 2
v 2495 2
v 2496 1
v 2497 2
v 2498 2
e 2481 2482 0
e 2477 2478 0
e 2485 2486 0
e 2496 2498 0
e 2480 2489 0
e 2483 2484 0
e 2481 2483 0
e 2480 2481 0
e 2492 2493 0
e 2478 2479 0
e 2489 2490 0
e 2484 2485 0
e 2487 2488 0
e 2493 2495 0
e 2491 2496 0
e 2491 2492 0
e 2493 2494 0
e 2479 2480 0
e 2486 2487 0
e 2490 2491 0
e 2496 2497 0
e 2488 2489 0
e 2483 2488 0
e 2477 2482 0
e 2487 2492 0
t # 94
v 2523 0
v 2524 0
v 2525 0
v 2526 0
v 2527 0
v 2528 0
v 2529 0
v 2530 0
v 2531 0
v 2532 0
v 2533 1
v 2534 2
v 2535 2
v 2536 1
v 2537 2
v 2538 2
e 2528 2529 0
e 2533 2534 0
e 2531 2532 0
e 2523 2524 0
e 2533 2535 0
e 2524 2525 0
e 2529 2536 0
e 2536 2537 0
e 2525 2530 0
e 2529 2530 0
e 2536 2538 0
e 2531 2533 0
e 2527 2528 0
e 2530 2531 0
e 2523 2532 0
e 2526 2527 0
e 2525 2526 0
t # 95
v 2593 0
v 2594 0
v 2595 0
v 2596 0
v 2597 0
v 2598 0
v 2599 1
v 2600 0
v 2601 0
v 2602 0
v 2603 0
v 2604 0
v 2605 0
v 2606 1
v 2607 2
v 2608 2
e 2597 2599 0
e 2603 2604 0
e 2606 2607 0
e 2602 2603 0
e 2603 2606 0
e 2593 2598 0
e 2601 2602 0
e 2600 2605 0
e 2594 2595 0
e 2606 2608 0
e 2593 2594 0
e 2596 2597 0
e 2600 2601 0
e 2595 2596 0
e 2595 2600 0
e 2597 2598 0
e 2604 2605 0
t # 96
v 2609 0
v 2610 0
v 2611 0
v 2612 0
v 2613 0
v 2614 0
v 2615 0
v 2616 0
v 2617 0
v 2618 0
v 2619 0
v 2620 0
v 2621 1
v 2622 2
v 2623 2
v 2624 1
e 2617 2618 0
e 2609 2610 0
e 2610 2611 0
e 2616 2617 0
e 2621 2623 0
e 2615 2616 0
e 2619 2620 0
e 2613 2614 0
e 2611 2624 0
e 2609 2614 0
e 2614 2615 0
e 2618 2621 0
e 2615 2620 0
e 2621 2622 0
e 2612 2613 0
e 2618 2619 0
e 2611 2612 0
t # 97
v 2638 0
v 2639 0
v 2640 0
v 2641 0
v 2642 0
v 2643 0
v 2644 0
v 2645 0
v 2646 0
v 2647 0
v 2648 0
v 2649 0
v 2650 1
v 2651 2
v 2652 2
e 2642 2643 0
e 2646 2647 0
e 2641 2642 0
e 2640 2645 0
e 2646 2648 0
e 2650 2651 0
e 2643 2650 0
e 2640 2641 0
e 2644 2645 0
e 2644 2649 0
e 2645 2646 0
e 2650 2652 0
e 2638 2639 0
e 2648 2649 0
e 2638 2647 0
e 2643 2644 0
e 2639 2640 0
t # 98
v 2653 0
v 2654 0
v 2655 0
v 2656 0
v 2657 0
v 2658 0
v 2659 1
v 2660 2
v 2661 2
v 2662 1
v 2663 0
v 2664 0
v 2665 0
v 2666 0
v 2667 0
v 2668 0
v 2669 1
v 2670 1
v 2671 2
v 2672 2
e 2658 2659 0
e 2654 2655 0
e 2655 2669 0
e 2663 2664 0
e 2666 2670 0
e 2667 2668 0
e 2670 2672 0
e 2665 2666 0
e 2670 2671 0
e 2664 2665 0
e 2656 2662 0
e 2656 2657 0
e 2657 2658 0
e 2653 2658 0
e 2666 2667 0
e 2653 2654 0
e 2659 2661 0
e 2663 2668 0
e 2655 2656 0
e 2662 2663 0
e 2659 2660 0
e 2668 2669 0
t # 99
v 2685 0
v 2686 0
v 2687 0
v 2688 0
v 2689 1
v 2690 1
v 2691 0
v 2692 0
v 2693 0
v 2694 1
v 2695 2
v 2696 2
e 2688 2689 0
e 2694 2695 0
e 2689 2690 0
e 2686 2687 0
e 2687 2691 0
e 2691 2692 0
e 2685 2693 0
e 2692 2694 0
e 2692 2693 0
e 2694 2696 0
e 2690 2691 0
e 2685 2686 0
e 2687 2688 0
t # 100
v 2697 0
v 2698 0
v 2699 0
v 2700 0
v 2701 0
v 2702 0
v 2703 0
v 2704 0
v 2705 0
v 2706 0
v 2707 0
v 2708 0
v 2709 0
v 2710 0
v 2711 0
v 2712 0
v 2713 1
v 2714 2
v 2715 2
v 2716 1
v 2717 2
v 2718 2
e 2706 2707 0
e 2703 2708 0
e 2709 2710 0
e 2713 2715 0
e 2708 2709 0
e 2701 2702 0
e 2710 2711 0
e 2705 2706 0
e 2700 2709 0
e 2704 2705 0
e 2716 2718 0
e 2701 2703 0
e 2711 2712 0
e 2711 2713 0
e 2703 2704 0
e 2705 2716 0
e 2700 2701 0
e 2707 2708 0
e 2713 2714 0
e 2699 2700 0
e 2697 2702 0
e 2697 2698 0
e 2716 2717 0
e 2707 2712 0
e 2698 2699 0
t # 101
v 2719 0
v 2720 0
v 2721 0
v 2722 0
v 2723 0
v 2724 0
v 2725 0
v 2726 0
v 2727 0
v 2728 0
v 2729 1
v 2730 2
v 2731 2
v 2732 0
v 2733 0
e 2719 2728 0
e 2725 2726 0
e 2720 2721 0
e 2724 2725 0
e 2726 2729 0
e 2723 2732 0
e 2721 2733 0
e 2722 2727 0
e 2722 2723 0
e 2729 2731 0
e 2723 2724 0
e 2732 2733 0
e 2719 2720 0
e 2726 2727 0
e 2727 2728 0
e 2721 2722 0
e 2729 2730 0
t # 102
v 2772 0
v 2773 0
v 2774 0
v 2775 0
v 2776 0
v 2777 0
v 2778 0
v 2779 0
v 2780 0
v 2781 0
v 2782 0
v 2783 0
v 2784 0
v 2785 0
v 2786 0
v 2787 0
v 2788 2
v 2789 1
v 2790 2
v 2791 2
e 2774 2779 0
e 2775 2776 0
e 2772 2781 0
e 2783 2784 0
e 2784 2785 0
e 2774 2775 0
e 2784 2788 0
e 2778 2779 0
e 2780 2785 0
e 2786 2787 0
e 2789 2790 0
e 2782 2783 0
e 2778 2787 0
e 2772 2773 0
e 2781 2782 0
e 2777 2778 0
e 2776 2777 0
e 2785 2786 0
e 2780 2781 0
e 2775 2789 0
e 2773 2774 0
e 2789 2791 0
e 2779 2780 0
t # 103
v 2792 0
v 2793 0
v 2794 2
v 2795 1
v 2796 0
v 2797 0
v 2798 0
v 2799 0
v 2800 0
v 2801 0
v 2802 0
v 2803 0
v 2804 0
v 2805 0
v 2806 0
v 2807 0
v 2808 0
v 2809 1
v 2810 2
v 2811 2
e 2800 2802 0
e 2797 2798 0
e 2809 2810 0
e 2799 2800 0
e 2805 2806 0
e 2793 2794 0
e 2807 2808 0
e 2807 2809 0
e 2796 2801 0
e 2802 2803 0
e 2795 2796 0
e 2803 2804 0
e 2799 2804 0
e 2800 2801 0
e 2792 2793 0
e 2798 2799 0
e 2793 2795 0
e 2806 2807 0
e 2809 2811 0
e 2804 2805 0
e 2796 2797 0
e 2803 2808 0
t # 104
v 2812 0
v 2813 0
v 2814 0
v 2815 0
v 2816 0
v 2817 0
v 2818 0
v 2819 0
v 2820 0
v 2821 0
v 2822 0
v 2823 0
v 2824 0
v 2825 0
v 2826 0
v 2827 0
v 2828 1
v 2829 2
v 2830 2
v 2831 2
e 2820 2825 0
e 2813 2814 0
e 2826 2827 0
e 2814 2815 0
e 2821 2822 0
e 2822 2823 0
e 2823 2824 0
e 2817 2831 0
e 2818 2819 0
e 2816 2817 0
e 2815 2816 0
e 2825 2826 0
e 2820 2821 0
e 2817 2818 0
e 2812 2813 0
e 2828 2830 0
e 2818 2827 0
e 2828 2829 0
e 2812 2821 0
e 2824 2828 0
e 2824 2825 0
e 2819 2820 0
e 2814 2819 0
t # 105
v 2846 0
v 2847 0
v 2848 0
v 2849 0
v 2850 0
v 2851 0
v 2852 0
v 2853 0
v 2854 0
v 2855 0
v 2856 0
v 2857 0
v 2858 0
v 2859 0
v 2860 0
v 2861 0
v 2862 0
v 2863 0
v 2864 0
v 2865 0
v 2866 1
v 2867 2
v 2868 2
v 2869 1
v 2870 2
v 2871 2
e 2852 2857 0
e 2857 2858 0
e 2869 2871 0
e 2859 2860 0
e 2866 2867 0
e 2855 2869 0
e 2858 2863 0
e 2849 2859 0
e 2852 2853 0
e 2864 2865 0
e 2861 2862 0
e 2856 2857 0
e 2863 2864 0
e 2848 2849 0
e 2860 2861 0
e 2847 2848 0
e 2846 2851 0
e 2854 2855 0
e 2858 2859 0
e 2855 2856 0
e 2850 2851 0
e 2849 2850 0
e 2869 2870 0
e 2856 2865 0
e 2850 2852 0
e 2846 2847 0
e 2853 2854 0
e 2866 2868 0
e 2860 2866 0
e 2862 2863 0
t # 106
v 2872 0
v 2873 0
v 2874 0
v 2875 0
v 2876 0
v 2877 0
v 2878 0
v 2879 0
v 2880 0
v 2881 0
v 2882 0
v 2883 0
v 2884 1
v 2885 2
v 2886 2
v 2887 1
v 2888 2
v 2889 2
v 2890 1
v 2891 2
v 2892 2
v 2893 1
v 2894 2
v 2895 2
e 2887 2888 0
e 2882 2884 0
e 2873 2874 0
e 2872 2877 0
e 2881 2887 0
e 2872 2873 0
e 2893 2894 0
e 2893 2895 0
e 2878 2883 0
e 2882 2883 0
e 2890 2892 0
e 2875 2890 0
e 2880 2881 0
e 2879 2880 0
e 2884 2886 0
e 2881 2882 0
e 2875 2876 0
e 2874 2875 0
e 2878 2879 0
e 2876 2877 0
e 2887 2889 0
e 2890 2891 0
e 2874 2893 0
e 2877 2878 0
e 2884 2885 0
t # 107
v 2896 0
v 2897 0
v 2898 0
v 2899 0
v 2900 0
v 2901 0
v 2902 0
v 2903 0
v 2904 0
v 2905 0
v 2906 0
v 2907 0
v 2908 0
v 2909 0
v 2910 0
v 2911 0
v 2912 1
v 2913 2
v 2914 2
v 2915 1
v 2916 2
v 2917 2
e 2900 2901 0
e 2910 2911 0
e 2909 2910 0
e 2904 2905 0
e 2897 2898 0
e 2912 2914 0
e 2915 2916 0
e 2902 2911 0
e 2899 2900 0
e 2900 2915 0
e 2907 2912 0
e 2898 2903 0
e 2915 2917 0
e 2903 2904 0
e 2896 2905 0
e 2904 2909 0
e 2896 2897 0
e 2912 2913 0
e 2898 2899 0
e 2906 2907 0
e 2905 2906 0
e 2907 2908 0
e 2902 2903 0
e 2901 2902 0
e 2908 2909 0
t # 108
v 2918 0
v 2919 0
v 2920 0
v 2921 0
v 2922 0
v 2923 0
v 2924 0
v 2925 0
v 2926 0
v 2927 0
v 2928 0
v 2929 0
v 2930 0
v 2931 0
v 2932 0
v 2933 0
v 2934 1
v 2935 2
v 2936 2
v 2937 1
v 2938 2
v 2939 2
e 2918 2931 0
e 2918 2919 0
e 2934 2936 0
e 2926 2927 0
e 2937 2939 0
e 2923 2928 0
e 2924 2925 0
e 2920 2921 0
e 2929 2930 0
e 2921 2922 0
e 2930 2932 0
e 2932 2933 0
e 2930 2931 0
e 2925 2926 0
e 2934 2935 0
e 2937 2938 0
e 2927 2933 0
e 2927 2928 0
e 2928 2929 0
e 2922 2923 0
e 2919 2920 0
e 2920 2929 0
e 2924 2937 0
e 2926 2934 0
e 2923 2924 0
t # 109
v 2940 0
v 2941 0
v 2942 0
v 2943 0
v 2944 0
v 2945 0
v 2946 0
v 2947 0
v 2948 0
v 2949 0
v 2950 0
v 2951 0
v 2952 0
v 2953 0
v 2954 0
v 2955 0
v 2956 1
v 2957 2
v 2958 2
e 2946 2947 0
e 2947 2948 0
e 2943 2944 0
e 2940 2941 0
e 2942 2943 0
e 2941 2942 0
e 2944 2945 0
e 2950 2955 0
e 2951 2952 0
e 2953 2956 0
e 2948 2950 0
e 2950 2951 0
e 2956 2957 0
e 2940 2949 0
e 2952 2953 0
e 2954 2955 0
e 2946 2951 0
e 2945 2946 0
e 2953 2954 0
e 2948 2949 0
e 2956 2958 0
e 2942 2947 0
t # 110
v 2959 0
v 2960 0
v 2961 2
v 2962 2
v 2963 0
v 2964 0
v 2965 0
v 2966 0
v 2967 0
v 2968 0
v 2969 0
v 2970 0
v 2971 0
v 2972 0
v 2973 0
v 2974 0
v 2975 0
v 2976 0
v 2977 0
v 2978 0
v 2979 1
v 2980 2
v 2981 2
e 2960 2962 0
e 2959 2960 0
e 2973 2978 0
e 2965 2966 0
e 2962 2963 0
e 2972 2973 0
e 2969 2970 0
e 2960 2961 0
e 2964 2965 0
e 2973 2974 0
e 2967 2968 0
e 2979 2981 0
e 2974 2975 0
e 2966 2967 0
e 2977 2978 0
e 2975 2976 0
e 2968 2969 0
e 2966 2975 0
e 2963 2964 0
e 2963 2976 0
e 2976 2977 0
e 2970 2971 0
e 2971 2972 0
e 2965 2979 0
e 2979 2980 0
e 2969 2974 0
t # 111
v 2982 0
v 2983 0
v 2984 0
v 2985 0
v 2986 0
v 2987 0
v 2988 0
v 2989 0
v 2990 0
v 2991 0
v 2992 0
v 2993 0
v 2994 0
v 2995 0
v 2996 0
v 2997 0
v 2998 1
v 2999 2
v 3000 2
v 3001 1
v 3002 2
v 3003 2
e 2998 3000 0
e 3001 3002 0
e 2986 2987 0
e 2990 2995 0
e 2995 2996 0
e 2988 2997 0
e 2984 2989 0
e 2982 2983 0
e 2990 2991 0
e 3001 3003 0
e 2985 3001 0
e 2982 2991 0
e 2993 2994 0
e 2994 2998 0
e 2985 2986 0
e 2992 2993 0
e 2994 2995 0
e 2983 2984 0
e 2989 2990 0
e 2987 2988 0
e 2998 2999 0
e 2988 2989 0
e 2996 2997 0
e 2991 2992 0
e 2984 2985 0
t # 112
v 3015 0
v 3016 0
v 3017 0
v 3018 0
v 3019 0
v 3020 0
v 3021 1
v 3022 2
v 3023 2
v 3024 1
v 3025 2
v 3026 2
v 3027 3
e 3017 3018 0
e 3018 3024 0
e 3024 3025 0
e 3016 3017 0
e 3024 3026 0
e 3019 3020 0
e 3015 3020 0
e 3021 3022 0
e 3017 3027 0
e 3021 3023 0
e 3015 3016 0
e 3020 3021 0
e 3018 3019 0
t # 113
v 3028 0
v 3029 0
v 3030 0
v 3031 0
v 3032 0
v 3033 0
v 3034 1
v 3035 0
v 3036 0
v 3037 0
v 3038 0
v 3039 0
v 3040 0
v 3041 1
v 3042 1
v 3043 2
v 3044 2
e 3039 3042 0
e 3031 3032 0
e 3035 3036 0
e 3038 3039 0
e 3042 3044 0
e 3037 3038 0
e 3040 3041 0
e 3031 3041 0
e 3028 3033 0
e 3042 3043 0
e 3028 3029 0
e 3030 3031 0
e 3039 3040 0
e 3032 3033 0
e 3032 3034 0
e 3036 3037 0
e 3035 3040 0
e 3034 3035 0
e 3029 3030 0
t # 114
v 3045 0
v 3046 0
v 3047 0
v 3048 0
v 3049 0
v 3050 0
v 3051 1
v 3052 2
v 3053 2
v 3054 1
v 3055 2
v 3056 2
v 3057 0
v 3058 0
v 3059 0
v 3060 0
v 3061 0
v 3062 0
v 3063 1
v 3064 2
v 3065 2
v 3066 1
v 3067 2
v 3068 2
e 3054 3056 0
e 3050 3051 0
e 3063 3065 0
e 3054 3055 0
e 3066 3067 0
e 3060 3061 0
e 3048 3049 0
e 3047 3048 0
e 3046 3047 0
e 3051 3053 0
e 3057 3058 0
e 3047 3057 0
e 3048 3054 0
e 3066 3068 0
e 3051 3052 0
e 3045 3046 0
e 3059 3060 0
e 3058 3059 0
e 3057 3062 0
e 3060 3066 0
e 3063 3064 0
e 3062 3063 0
e 3045 3050 0
e 3049 3050 0
e 3061 3062 0
t # 115
v 3069 0
v 3070 0
v 3071 0
v 3072 0
v 3073 0
v 3074 1
v 3075 1
v 3076 0
v 3077 0
v 3078 1
v 3079 2
v 3080 2
e 3073 3077 0
e 3070 3071 0
e 3073 3074 0
e 3074 3075 0
e 3071 3078 0
e 3078 3080 0
e 3071 3072 0
e 3069 3070 0
e 3069 3077 0
e 3072 3073 0
e 3078 3079 0
e 3075 3076 0
e 3076 3077 0
t # 116
v 3081 0
v 3082 0
v 3083 0
v 3084 0
v 3085 0
v 3086 0
v 3087 0
v 3088 0
v 3089 0
v 3090 0
v 3091 0
v 3092 0
v 3093 1
v 3094 2
v 3095 2
v 3096 1
v 3097 2
v 3098 2
v 3099 1
v 3100 2
v 3101 2
e 3083 3099 0
e 3099 3101 0
e 3090 3096 0
e 3082 3083 0
e 3081 3086 0
e 3089 3090 0
e 3093 3095 0
e 3085 3086 0
e 3084 3085 0
e 3090 3091 0
e 3081 3082 0
e 3088 3089 0
e 3087 3092 0
e 3091 3093 0
e 3099 3100 0
e 3093 3094 0
e 3083 3084 0
e 3091 3092 0
e 3096 3098 0
e 3086 3087 0
e 3096 3097 0
e 3087 3088 0
t # 117
v 3102 0
v 3103 0
v 3104 0
v 3105 0
v 3106 0
v 3107 0
v 3108 0
v 3109 0
v 3110 0
v 3111 0
v 3112 0
v 3113 0
v 3114 0
v 3115 0
v 3116 0
v 3117 0
v 3118 1
v 3119 2
v 3120 2
v 3121 1
v 3122 2
v 3123 2
e 3103 3104 0
e 3107 3108 0
e 3118 3120 0
e 3102 3103 0
e 3118 3119 0
e 3115 3116 0
e 3112 3117 0
e 3121 3123 0
e 3105 3121 0
e 3102 3111 0
e 3110 3111 0
e 3105 3106 0
e 3104 3109 0
e 3115 3118 0
e 3114 3115 0
e 3106 3107 0
e 3113 3114 0
e 3112 3113 0
e 3104 3105 0
e 3110 3112 0
e 3109 3110 0
e 3116 3117 0
e 3108 3113 0
e 3108 3109 0
e 3121 3122 0
t # 118
v 3146 0
v 3147 0
v 3148 0
v 3149 0
v 3150 0
v 3151 0
v 3152 1
v 3153 2
v 3154 2
v 3155 0
v 3156 0
v 3157 0
e 3152 3153 0
e 3149 3150 0
e 3148 3149 0
e 3149 3155 0
e 3147 3148 0
e 3156 3157 0
e 3155 3156 0
e 3146 3151 0
e 3151 3152 0
e 3146 3147 0
e 3148 3157 0
e 3152 3154 0
e 3150 3151 0
t # 119
v 3158 0
v 3159 0
v 3160 0
v 3161 0
v 3162 0
v 3163 0
v 3164 1
v 3165 2
v 3166 2
v 3167 1
v 3168 0
v 3169 0
v 3170 1
v 3171 0
v 3172 0
v 3173 0
v 3174 0
v 3175 1
v 3176 2
v 3177 2
e 3171 3172 0
e 3168 3169 0
e 3158 3163 0
e 3172 3173 0
e 3173 3174 0
e 3160 3161 0
e 3158 3159 0
e 3164 3166 0
e 3159 3160 0
e 3162 3164 0
e 3167 3168 0
e 3162 3163 0
e 3164 3165 0
e 3169 3171 0
e 3174 3175 0
e 3160 3170 0
e 3161 3167 0
e 3175 3177 0
e 3175 3176 0
e 3161 3162 0
e 3168 3174 0
e 3169 3170 0
t # 120
v 3178 0
v 3179 1
v 3180 1
v 3181 0
v 3182 0
v 3183 0
v 3184 0
v 3185 0
v 3186 0
v 3187 0
v 3188 1
v 3189 2
v 3190 2
e 3180 3181 0
e 3184 3185 0
e 3186 3187 0
e 3178 3179 0
e 3188 3189 0
e 3182 3183 0
e 3179 3183 0
e 3182 3184 0
e 3185 3186 0
e 3181 3182 0
e 3181 3187 0
e 3179 3180 0
e 3188 3190 0
e 3187 3188 0
t # 121
v 3213 0
v 3214 0
v 3215 0
v 3216 0
v 3217 0
v 3218 0
v 3219 0
v 3220 0
v 3221 0
v 3222 0
v 3223 0
v 3224 0
v 3225 0
v 3226 0
v 3227 0
v 3228 0
v 3229 0
v 3230 0
v 3231 0
v 3232 0
v 3233 0
v 3234 0
v 3235 1
v 3236 2
v 3237 2
v 3238 1
v 3239 2
v 3240 2
e 3233 3234 0
e 3229 3230 0
e 3238 3239 0
e 3228 3229 0
e 3232 3235 0
e 3227 3228 0
e 3218 3223 0
e 3232 3233 0
e 3213 3226 0
e 3230 3231 0
e 3222 3223 0
e 3225 3230 0
e 3223 3224 0
e 3238 3240 0
e 3220 3221 0
e 3213 3214 0
e 3224 3225 0
e 3231 3232 0
e 3226 3227 0
e 3235 3237 0
e 3235 3236 0
e 3218 3219 0
e 3215 3216 0
e 3225 3226 0
e 3222 3231 0
e 3219 3220 0
e 3221 3222 0
e 3217 3218 0
e 3215 3224 0
e 3229 3234 0
e 3214 3215 0
e 3216 3217 0
e 3219 3238 0
t # 122
v 3266 0
v 3267 0
v 3268 0
v 3269 0
v 3270 0
v 3271 0
v 3272 0
v 3273 0
v 3274 0
v 3275 0
v 3276 0
v 3277 0
v 3278 0
v 3279 0
v 3280 0
v 3281 0
v 3282 1
v 3283 2
v 3284 2
v 3285 1
v 3286 2
v 3287 2
e 3278 3282 0
e 3271 3285 0
e 3276 3277 0
e 3267 3268 0
e 3272 3273 0
e 3278 3279 0
e 3282 3283 0
e 3271 3272 0
e 3268 3273 0
e 3285 3286 0
e 3280 3281 0
e 3275 3276 0
e 3268 3269 0
e 3270 3271 0
e 3277 3278 0
e 3282 3284 0
e 3272 3281 0
e 3274 3279 0
e 3266 3267 0
e 3273 3274 0
e 3269 3270 0
e 3279 3280 0
e 3285 3287 0
e 3274 3275 0
e 3266 3275 0
t # 123
v 3288 0
v 3289 0
v 3290 0
v 3291 0
v 3292 0
v 3293 0
v 3294 0
v 3295 0
v 3296 0
v 3297 0
v 3298 0
v 3299 0
v 3300 0
v 3301 0
v 3302 0
v 3303 0
v 3304 1
v 3305 2
v 3306 2
v 3307 1
v 3308 2
v 3309 2
e 3296 3298 0
e 3294 3295 0
e 3298 3299 0
e 3302 3303 0
e 3294 3299 0
e 3300 3301 0
e 3304 3306 0
e 3307 3309 0
e 3291 3307 0
e 3293 3294 0
e 3288 3289 0
e 3301 3302 0
e 3307 3308 0
e 3291 3292 0
e 3303 3304 0
e 3290 3295 0
e 3304 3305 0
e 3295 3296 0
e 3290 3291 0
e 3296 3297 0
e 3289 3290 0
e 3298 3303 0
e 3299 3300 0
e 3288 3297 0
e 3292 3293 0
t # 124
v 3335 0
v 3336 0
v 3337 0
v 3338 0
v 3339 0
v 3340 0
v 3341 0
v 3342 0
v 3343 0
v 3344 0
v 3345 0
v 3346 0
v 3347 0
v 3348 0
v 3349 0
v 3350 0
v 3351 0
v 3352 0
v 3353 1
v 3354 2
v 3355 2
e 3337 3338 0
e 3350 3351 0
e 3335 3340 0
e 3347 3352 0
e 3345 3346 0
e 3347 3348 0
e 3353 3355 0
e 3351 3353 0
e 3338 3339 0
e 3349 3350 0
e 3351 3352 0
e 3336 3337 0
e 3335 3336 0
e 3342 3343 0
e 3343 3344 0
e 3344 3345 0
e 3339 3340 0
e 3341 3346 0
e 3346 3347 0
e 3353 3354 0
e 3339 3341 0
e 3341 3342 0
e 3338 3348 0
e 3348 3349 0
t # -1