t # 0
v 18 0
v 19 0
v 20 0
v 21 0
v 22 0
v 23 0
v 24 1
v 25 0
v 26 0
v 27 0
v 28 1
v 29 2
v 30 2
e 20 21 0
e 24 25 0
e 18 27 0
e 26 27 0
e 25 26 0
e 19 20 0
e 18 19 0
e 26 28 1
e 22 23 0
e 21 22 0
e 28 30 1
e 23 24 0
e 28 29 2
e 20 25 0
t # 1
v 31 0
v 32 0
v 33 0
v 34 0
v 35 0
v 36 0
v 37 0
v 38 1
v 39 0
v 40 0
v 41 1
v 42 2
v 43 2
e 31 32 0
e 34 35 0
e 39 41 1
e 32 33 0
e 36 37 0
e 31 40 0
e 37 38 0
e 34 39 0
e 33 38 0
e 41 43 1
e 33 34 0
e 39 40 0
e 35 36 0
e 41 42 2
t # 2
v 63 0
v 64 0
v 65 0
v 66 0
v 67 0
v 68 0
v 69 3
v 70 1
v 71 2
v 72 2
v 73 3
e 68 69 1
e 70 72 1
e 70 71 2
e 63 64 0
e 67 68 0
e 66 67 0
e 65 73 1
e 66 70 1
e 65 66 0
e 64 65 0
e 63 68 0
t # 3
v 102 0
v 103 0
v 104 0
v 105 0
v 106 0
v 107 0
v 108 0
v 109 1
v 110 2
v 111 2
v 112 0
v 113 0
v 114 0
v 115 0
v 116 0
v 117 0
e 116 117 0
e 112 117 0
e 104 105 0
e 115 116 0
e 112 113 0
e 107 108 0
e 114 115 0
e 109 110 2
e 113 114 0
e 105 112 1
e 105 106 0
e 106 107 0
e 108 109 1
e 102 103 1
e 109 111 1
e 103 108 0
e 103 104 0
t # 4
v 138 0
v 139 0
v 140 0
v 141 1
v 142 0
v 143 1
v 144 0
v 145 0
v 146 0
v 147 1
v 148 2
v 149 2
e 138 139 2
e 138 146 1
e 146 147 1
e 142 143 2
e 144 145 1
e 147 149 1
e 140 144 1
e 143 144 1
e 147 148 2
e 140 141 2
e 141 142 1
e 145 146 2
e 139 140 1
t # 5
v 226 0
v 227 1
v 228 0
v 229 0
v 230 0
v 231 0
v 232 0
v 233 0
v 234 0
v 235 1
v 236 1
v 237 2
v 238 2
e 228 233 1
e 233 234 1
e 227 228 2
e 234 235 2
e 228 229 1
e 236 238 1
e 226 227 1
e 231 232 2
e 232 233 1
e 227 235 1
e 229 230 2
e 230 236 1
e 236 237 2
e 230 231 1
t # 6
v 280 0
v 281 0
v 282 0
v 283 0
v 284 0
v 285 0
v 286 1
v 287 1
v 288 2
v 289 2
v 290 1
e 280 281 0
e 283 287 1
e 282 290 1
e 287 289 1
e 282 283 0
e 281 282 0
e 284 285 0
e 284 286 1
e 287 288 2
e 283 284 0
e 280 285 0
t # 7
v 308 0
v 309 0
v 310 0
v 311 0
v 312 0
v 313 0
v 314 0
v 315 0
v 316 1
v 317 0
v 318 1
v 319 2
v 320 2
e 313 314 0
e 316 317 0
e 318 320 1
e 312 318 1
e 308 309 0
e 312 313 0
e 315 316 0
e 314 315 0
e 311 312 0
e 308 317 0
e 318 319 2
e 310 315 0
e 309 310 0
e 310 311 0
t # 8
v 609 0
v 610 0
v 611 0
v 612 0
v 613 0
v 614 0
v 615 0
v 616 0
v 617 0
v 618 0
v 619 1
v 620 2
v 621 2
e 609 610 0
e 616 617 0
e 611 612 0
e 615 616 0
e 619 620 2
e 619 621 1
e 617 618 0
e 614 615 0
e 613 614 0
e 612 617 0
e 614 619 1
e 612 613 0
e 609 618 0
e 610 611 0
t # 9
v 639 0
v 640 0
v 641 0
v 642 0
v 643 0
v 644 0
v 645 0
v 646 0
v 647 0
v 648 0
v 649 0
v 650 1
v 651 2
v 652 2
e 640 649 0
e 642 643 0
e 641 642 0
e 644 645 0
e 639 640 1
e 650 651 2
e 642 647 0
e 643 644 0
e 646 647 0
e 647 648 0
e 648 649 0
e 645 646 0
e 649 650 1
e 640 641 0
e 650 652 1
t # 10
v 670 0
v 671 0
v 672 0
v 673 0
v 674 0
v 675 0
v 676 0
v 677 0
v 678 0
v 679 0
v 680 0
v 681 0
v 682 1
v 683 2
v 684 2
e 682 684 1
e 680 681 0
e 679 680 0
e 682 683 2
e 670 675 0
e 673 674 0
e 671 672 0
e 674 675 0
e 670 671 0
e 673 676 1
e 677 678 0
e 676 681 0
e 676 677 0
e 672 673 0
e 679 682 1
e 678 679 0
t # 11
v 685 0
v 686 2
v 687 0
v 688 0
v 689 0
v 690 0
v 691 0
v 692 0
v 693 1
v 694 0
v 695 0
v 696 0
v 697 1
v 698 2
v 699 2
e 688 689 0
e 687 688 0
e 695 696 0
e 694 695 0
e 687 696 0
e 685 686 1
e 686 687 1
e 689 694 0
e 697 699 1
e 692 693 0
e 691 692 0
e 695 697 1
e 690 691 0
e 697 698 2
e 693 694 0
e 689 690 0
t # 12
v 700 0
v 701 0
v 702 0
v 703 0
v 704 0
v 705 0
v 706 0
v 707 0
v 708 0
v 709 0
v 710 1
v 711 2
v 712 2
e 706 707 0
e 708 709 0
e 703 709 0
e 709 710 1
e 700 701 0
e 703 704 0
e 707 708 0
e 710 712 1
e 702 703 0
e 701 702 0
e 704 706 0
e 704 705 0
e 700 705 0
e 710 711 2
t # 13
v 730 0
v 731 1
v 732 0
v 733 0
v 734 0
v 735 0
v 736 0
v 737 0
v 738 0
v 739 1
v 740 1
v 741 2
v 742 2
e 740 741 2
e 731 739 1
e 735 736 1
e 737 738 1
e 730 731 1
e 733 734 1
e 735 740 1
e 732 733 1
e 736 737 2
e 731 732 2
e 733 738 1
e 738 739 2
e 740 742 1
e 734 735 2
t # 14
v 979 0
v 980 0
v 981 0
v 982 0
v 983 0
v 984 0
v 985 0
v 986 0
v 987 0
v 988 0
v 989 0
v 990 1
v 991 2
v 992 2
e 981 986 0
e 981 982 0
e 988 989 0
e 982 983 0
e 990 991 2
e 986 987 0
e 979 980 1
e 985 986 0
e 987 988 0
e 984 985 0
e 983 984 0
e 989 990 1
e 980 981 0
e 980 989 0
e 990 992 1
t # 15
v 1115 0
v 1116 0
v 1117 0
v 1118 0
v 1119 0
v 1120 0
v 1121 1
v 1122 2
v 1123 2
v 1124 2
v 1125 1
e 1116 1117 0
e 1118 1124 1
e 1115 1120 0
e 1115 1116 0
e 1121 1123 1
e 1117 1125 1
e 1118 1119 0
e 1117 1118 0
e 1121 1122 2
e 1120 1121 1
e 1119 1120 0
t # 16
v 1169 0
v 1170 0
v 1171 0
v 1172 0
v 1173 0
v 1174 0
v 1175 0
v 1176 0
v 1177 0
v 1178 0
v 1179 1
v 1180 2
v 1181 2
v 1182 1
v 1183 2
v 1184 2
e 1170 1171 0
e 1169 1174 0
e 1182 1184 1
e 1169 1170 0
e 1176 1177 0
e 1173 1175 0
e 1177 1178 0
e 1178 1179 1
e 1179 1180 2
e 1175 1176 0
e 1179 1181 1
e 1172 1178 0
e 1182 1183 2
e 1173 1174 0
e 1172 1173 0
e 1176 1182 1
e 1171 1172 0
t # 17
v 1185 0
v 1186 0
v 1187 0
v 1188 0
v 1189 0
v 1190 0
v 1191 1
v 1192 2
v 1193 2
v 1194 0
v 1195 0
v 1196 0
v 1197 0
v 1198 0
v 1199 0
v 1200 1
e 1189 1190 0
e 1189 1191 1
e 1188 1189 0
e 1195 1196 0
e 1197 1200 1
e 1187 1194 1
e 1194 1195 0
e 1194 1199 0
e 1185 1190 0
e 1186 1187 0
e 1191 1192 2
e 1185 1186 0
e 1198 1199 0
e 1191 1193 1
e 1187 1188 0
e 1197 1198 0
e 1196 1197 0
t # 18
v 1263 0
v 1264 0
v 1265 0
v 1266 0
v 1267 0
v 1268 0
v 1269 1
v 1270 2
v 1271 2
v 1272 0
v 1273 2
v 1274 0
v 1275 2
v 1276 1
e 1268 1269 1
e 1269 1270 2
e 1266 1267 0
e 1269 1271 1
e 1263 1268 0
e 1272 1273 2
e 1274 1275 2
e 1264 1265 0
e 1272 1274 1
e 1265 1276 1
e 1263 1264 0
e 1267 1268 0
e 1266 1272 1
e 1274 1276 1
e 1265 1266 0
t # 19
v 1319 0
v 1320 0
v 1321 0
v 1322 0
v 1323 0
v 1324 0
v 1325 0
v 1326 0
v 1327 0
v 1328 0
v 1329 0
v 1330 0
v 1331 1
v 1332 1
v 1333 2
v 1334 2
e 1323 1325 1
e 1329 1330 0
e 1325 1326 0
e 1322 1323 0
e 1328 1329 0
e 1321 1322 0
e 1329 1331 1
e 1332 1334 1
e 1319 1324 0
e 1327 1328 0
e 1323 1324 0
e 1326 1327 0
e 1322 1332 1
e 1320 1321 0
e 1319 1320 0
e 1325 1330 0
e 1332 1333 2
t # 20
v 1376 0
v 1377 0
v 1378 0
v 1379 0
v 1380 0
v 1381 0
v 1382 1
v 1383 2
v 1384 2
v 1385 5
e 1379 1385 1
e 1379 1380 0
e 1376 1377 0
e 1380 1381 0
e 1378 1379 0
e 1380 1382 1
e 1382 1383 2
e 1377 1378 0
e 1376 1381 0
e 1382 1384 1
t # 21
v 1386 0
v 1387 0
v 1388 0
v 1389 0
v 1390 0
v 1391 0
v 1392 0
v 1393 0
v 1394 0
v 1395 0
v 1396 0
v 1397 0
v 1398 1
v 1399 2
v 1400 2
v 1401 1
e 1388 1389 0
e 1398 1399 2
e 1398 1400 1
e 1393 1394 0
e 1392 1397 0
e 1386 1387 0
e 1390 1392 1
e 1394 1395 0
e 1392 1393 0
e 1389 1390 0
e 1395 1396 0
e 1389 1401 1
e 1396 1398 1
e 1386 1391 0
e 1387 1388 0
e 1390 1391 0
e 1396 1397 0
t # 22
v 1402 0
v 1403 0
v 1404 0
v 1405 0
v 1406 0
v 1407 0
v 1408 0
v 1409 0
v 1410 0
v 1411 0
v 1412 0
v 1413 0
v 1414 0
v 1415 1
v 1416 2
v 1417 2
e 1413 1414 0
e 1415 1417 1
e 1405 1406 0
e 1412 1415 1
e 1412 1413 0
e 1406 1407 0
e 1411 1412 0
e 1403 1404 0
e 1408 1409 1
e 1410 1411 0
e 1409 1410 0
e 1409 1414 0
e 1402 1403 1
e 1415 1416 2
e 1404 1405 0
e 1403 1408 0
e 1407 1408 0
t # 23
v 1507 0
v 1508 0
v 1509 0
v 1510 0
v 1511 0
v 1512 0
v 1513 0
v 1514 0
v 1515 1
v 1516 2
v 1517 2
e 1509 1514 0
e 1515 1517 1
e 1513 1514 0
e 1510 1511 0
e 1512 1515 1
e 1509 1510 0
e 1515 1516 2
e 1512 1513 0
e 1511 1512 0
e 1507 1508 2
e 1508 1509 1
t # 24
v 1580 0
v 1581 0
v 1582 2
v 1583 0
v 1584 0
v 1585 0
v 1586 0
v 1587 0
v 1588 0
v 1589 1
v 1590 2
v 1591 2
e 1587 1588 0
e 1583 1588 0
e 1589 1590 2
e 1586 1587 0
e 1581 1582 2
e 1586 1589 1
e 1585 1586 0
e 1589 1591 1
e 1584 1585 0
e 1581 1583 1
e 1583 1584 0
e 1580 1581 1
t # 25
v 1592 0
v 1593 1
v 1594 0
v 1595 0
v 1596 0
v 1597 0
v 1598 0
v 1599 0
v 1600 1
v 1601 2
v 1602 2
v 1603 0
v 1604 1
e 1592 1593 1
e 1596 1597 2
e 1594 1599 1
e 1597 1598 1
e 1595 1596 1
e 1600 1601 2
e 1594 1595 1
e 1598 1599 2
e 1595 1603 1
e 1600 1602 1
e 1599 1600 1
e 1593 1604 1
e 1593 1594 2
e 1603 1604 2
t # 26
v 1776 0
v 1777 0
v 1778 0
v 1779 0
v 1780 1
v 1781 0
v 1782 0
v 1783 0
v 1784 0
v 1785 0
v 1786 1
v 1787 2
v 1788 2
e 1781 1782 0
e 1780 1781 0
e 1776 1777 0
e 1783 1784 0
e 1778 1779 0
e 1776 1785 0
e 1784 1786 1
e 1786 1788 1
e 1777 1778 0
e 1784 1785 0
e 1786 1787 2
e 1778 1783 0
e 1779 1780 0
e 1782 1783 0
t # 27
v 1804 0
v 1805 0
v 1806 0
v 1807 0
v 1808 0
v 1809 0
v 1810 1
v 1811 0
v 1812 0
v 1813 0
v 1814 0
v 1815 0
v 1816 0
v 1817 1
v 1818 2
v 1819 2
e 1806 1807 0
e 1805 1806 0
e 1811 1816 0
e 1804 1809 0
e 1804 1805 0
e 1812 1813 0
e 1817 1819 1
e 1811 1812 0
e 1817 1818 2
e 1815 1816 0
e 1808 1810 1
e 1814 1815 0
e 1806 1811 1
e 1813 1814 0
e 1808 1809 0
e 1815 1817 1
e 1807 1808 0
t # 28
v 2020 0
v 2021 0
v 2022 0
v 2023 0
v 2024 0
v 2025 0
v 2026 1
v 2027 2
v 2028 2
v 2029 0
v 2030 0
v 2031 0
v 2032 0
v 2033 0
v 2034 0
v 2035 1
v 2036 2
v 2037 2
v 2038 1
v 2039 2
v 2040 2
v 2041 1
v 2042 2
v 2043 2
e 2031 2032 0
e 2024 2025 0
e 2032 2038 1
e 2034 2035 1
e 2038 2040 1
e 2026 2028 1
e 2024 2026 1
e 2038 2039 2
e 2020 2025 0
e 2041 2042 2
e 2030 2031 0
e 2029 2034 0
e 2023 2029 1
e 2041 2043 1
e 2035 2036 2
e 2021 2022 0
e 2020 2021 0
e 2029 2030 0
e 2022 2023 0
e 2022 2041 1
e 2035 2037 1
e 2023 2024 0
e 2026 2027 2
e 2033 2034 0
e 2032 2033 0
t # 29
v 2044 0
v 2045 0
v 2046 0
v 2047 0
v 2048 0
v 2049 0
v 2050 0
v 2051 2
v 2052 1
v 2053 2
v 2054 2
e 2045 2046 0
e 2052 2053 2
e 2044 2045 0
e 2047 2048 0
e 2050 2051 2
e 2046 2052 1
e 2048 2049 0
e 2044 2049 0
e 2049 2050 1
e 2052 2054 1
e 2046 2047 0
t # 30
v 2070 0
v 2071 0
v 2072 0
v 2073 0
v 2074 0
v 2075 0
v 2076 1
v 2077 2
v 2078 2
v 2079 1
v 2080 2
v 2081 2
v 2082 1
e 2071 2072 0
e 2070 2071 0
e 2073 2079 1
e 2072 2082 1
e 2079 2081 1
e 2076 2077 2
e 2074 2075 0
e 2076 2078 1
e 2070 2075 0
e 2075 2076 1
e 2073 2074 0
e 2079 2080 2
e 2072 2073 0
t # 31
v 2083 0
v 2084 0
v 2085 0
v 2086 0
v 2087 0
v 2088 0
v 2089 0
v 2090 0
v 2091 0
v 2092 0
v 2093 0
v 2094 0
v 2095 1
v 2096 2
v 2097 2
v 2098 1
e 2091 2092 0
e 2089 2094 0
e 2086 2098 1
e 2086 2087 0
e 2093 2094 0
e 2087 2088 0
e 2087 2089 1
e 2085 2086 0
e 2083 2088 0
e 2092 2093 0
e 2095 2096 2
e 2084 2085 0
e 2092 2095 1
e 2083 2084 0
e 2095 2097 1
e 2090 2091 0
e 2089 2090 0
t # 32
v 2111 0
v 2112 0
v 2113 0
v 2114 0
v 2115 0
v 2116 0
v 2117 1
v 2118 2
v 2119 2
v 2120 3
e 2113 2120 1
e 2113 2114 0
e 2117 2119 1
e 2111 2116 0
e 2111 2112 0
e 2114 2115 0
e 2116 2117 1
e 2117 2118 2
e 2112 2113 0
e 2115 2116 0
t # 33
v 2165 0
v 2166 0
v 2167 0
v 2168 0
v 2169 0
v 2170 0
v 2171 0
v 2172 0
v 2173 0
v 2174 0
v 2175 0
v 2176 0
v 2177 1
v 2178 2
v 2179 2
v 2180 1
v 2181 2
v 2182 2
v 2183 1
v 2184 2
v 2185 2
e 2175 2176 0
e 2176 2177 1
e 2183 2184 2
e 2180 2181 2
e 2177 2179 1
e 2171 2176 0
e 2173 2174 0
e 2174 2180 1
e 2180 2182 1
e 2171 2172 0
e 2168 2169 0
e 2177 2178 2
e 2165 2170 0
e 2174 2175 0
e 2168 2183 1
e 2172 2173 0
e 2183 2185 1
e 2169 2171 1
e 2167 2168 0
e 2169 2170 0
e 2166 2167 0
e 2165 2166 0
t # 34
v 2186 0
v 2187 1
v 2188 0
v 2189 0
v 2190 0
v 2191 0
v 2192 0
v 2193 0
v 2194 0
v 2195 1
v 2196 1
v 2197 2
v 2198 2
e 2196 2198 1
e 2188 2189 1
e 2194 2195 2
e 2191 2196 1
e 2188 2193 1
e 2196 2197 2
e 2187 2188 2
e 2191 2192 2
e 2193 2194 1
e 2192 2193 1
e 2186 2187 1
e 2187 2195 1
e 2189 2190 2
e 2190 2191 1
t # 35
v 2245 0
v 2246 0
v 2247 0
v 2248 0
v 2249 0
v 2250 0
v 2251 0
v 2252 0
v 2253 0
v 2254 0
v 2255 0
v 2256 0
v 2257 0
v 2258 0
v 2259 1
v 2260 2
v 2261 2
e 2251 2252 1
e 2256 2257 0
e 2249 2250 0
e 2255 2256 0
e 2256 2258 1
e 2246 2251 0
e 2247 2248 0
e 2255 2259 1
e 2245 2246 1
e 2253 2254 0
e 2250 2251 0
e 2254 2255 0
e 2252 2257 0
e 2246 2247 0
e 2259 2261 1
e 2248 2249 0
e 2252 2253 0
e 2259 2260 2
t # 36
v 2262 0
v 2263 0
v 2264 0
v 2265 0
v 2266 0
v 2267 0
v 2268 3
v 2269 3
v 2270 1
v 2271 2
v 2272 2
e 2262 2267 0
e 2266 2267 0
e 2267 2268 1
e 2262 2263 0
e 2264 2270 1
e 2264 2265 0
e 2265 2266 0
e 2265 2269 1
e 2263 2264 0
e 2270 2272 1
e 2270 2271 2
t # 37
v 2348 0
v 2349 0
v 2350 0
v 2351 0
v 2352 0
v 2353 0
v 2354 1
v 2355 2
v 2356 2
v 2357 1
v 2358 2
v 2359 2
v 2360 1
v 2361 1
e 2352 2353 0
e 2348 2353 0
e 2351 2352 0
e 2354 2355 2
e 2357 2359 1
e 2360 2361 1
e 2350 2360 1
e 2350 2351 0
e 2354 2356 1
e 2353 2354 1
e 2348 2349 0
e 2349 2350 0
e 2351 2357 1
e 2357 2358 2
t # 38
v 2362 0
v 2363 2
v 2364 0
v 2365 0
v 2366 0
v 2367 0
v 2368 0
v 2369 0
v 2370 1
v 2371 2
v 2372 2
e 2362 2363 1
e 2364 2365 0
e 2364 2369 0
e 2363 2364 1
e 2365 2366 0
e 2369 2370 1
e 2370 2372 1
e 2368 2369 0
e 2370 2371 2
e 2367 2368 0
e 2366 2367 0
t # 39
v 2373 0
v 2374 0
v 2375 0
v 2376 0
v 2377 0
v 2378 0
v 2379 0
v 2380 0
v 2381 0
v 2382 2
v 2383 0
v 2384 0
v 2385 0
v 2386 0
v 2387 0
v 2388 0
v 2389 1
v 2390 2
v 2391 2
e 2385 2386 0
e 2377 2378 0
e 2379 2380 2
e 2375 2376 0
e 2373 2374 0
e 2381 2382 2
e 2383 2388 0
e 2389 2391 1
e 2389 2390 2
e 2376 2377 0
e 2373 2378 0
e 2387 2388 0
e 2376 2379 1
e 2386 2387 0
e 2384 2385 0
e 2380 2381 1
e 2374 2375 0
e 2381 2383 1
e 2383 2384 0
e 2386 2389 1
t # 40
v 2392 0
v 2393 0
v 2394 0
v 2395 0
v 2396 0
v 2397 0
v 2398 0
v 2399 2
v 2400 1
v 2401 2
v 2402 2
e 2396 2398 1
e 2396 2397 0
e 2392 2397 0
e 2400 2402 1
e 2392 2393 0
e 2395 2396 0
e 2394 2395 0
e 2398 2399 2
e 2395 2400 1
e 2400 2401 2
e 2393 2394 0
t # 41
v 2403 0
v 2404 0
v 2405 0
v 2406 0
v 2407 0
v 2408 0
v 2409 5
v 2410 5
v 2411 2
v 2412 0
v 2413 0
v 2414 0
v 2415 0
v 2416 0
v 2417 0
v 2418 5
v 2419 1
v 2420 2
v 2421 2
v 2422 5
v 2423 2
e 2416 2417 0
e 2415 2416 0
e 2419 2421 1
e 2408 2409 1
e 2419 2420 2
e 2406 2407 0
e 2413 2414 0
e 2417 2418 1
e 2403 2408 0
e 2404 2423 1
e 2403 2404 0
e 2404 2405 0
e 2415 2422 1
e 2412 2417 0
e 2416 2419 1
e 2405 2406 0
e 2414 2415 0
e 2411 2412 1
e 2413 2423 1
e 2407 2410 1
e 2405 2411 1
e 2412 2413 0
e 2407 2408 0
t # 42
v 2446 0
v 2447 0
v 2448 0
v 2449 0
v 2450 0
v 2451 0
v 2452 1
v 2453 2
v 2454 2
v 2455 5
v 2456 3
e 2450 2451 0
e 2446 2447 0
e 2451 2452 1
e 2452 2453 2
e 2448 2456 1
e 2452 2454 1
e 2446 2451 0
e 2448 2449 0
e 2449 2455 1
e 2449 2450 0
e 2447 2448 0
t # 43
v 2499 0
v 2500 1
v 2501 1
v 2502 0
v 2503 0
v 2504 0
v 2505 0
v 2506 0
v 2507 0
v 2508 0
v 2509 1
v 2510 2
v 2511 2
e 2504 2509 1
e 2504 2505 1
e 2509 2510 2
e 2502 2503 1
e 2500 2501 2
e 2509 2511 1
e 2507 2508 2
e 2501 2502 1
e 2505 2506 2
e 2506 2507 1
e 2499 2500 1
e 2503 2504 2
e 2502 2507 1
e 2500 2508 1
t # 44
v 2512 0
v 2513 0
v 2514 0
v 2515 0
v 2516 0
v 2517 0
v 2518 5
v 2519 1
v 2520 2
v 2521 2
v 2522 1
e 2514 2522 1
e 2512 2517 0
e 2519 2520 2
e 2519 2521 1
e 2514 2515 0
e 2513 2514 0
e 2512 2513 0
e 2515 2516 0
e 2516 2517 0
e 2517 2518 1
e 2515 2519 1
t # 45
v 2539 0
v 2540 0
v 2541 0
v 2542 0
v 2543 0
v 2544 0
v 2545 5
v 2546 5
v 2547 1
v 2548 2
v 2549 2
e 2539 2540 0
e 2542 2546 1
e 2543 2545 1
e 2539 2544 0
e 2543 2544 0
e 2547 2549 1
e 2542 2543 0
e 2541 2542 0
e 2541 2547 1
e 2547 2548 2
e 2540 2541 0
t # 46
v 2550 0
v 2551 0
v 2552 0
v 2553 0
v 2554 0
v 2555 0
v 2556 2
v 2557 0
v 2558 0
v 2559 0
v 2560 0
v 2561 0
v 2562 0
v 2563 2
v 2564 5
v 2565 5
v 2566 5
v 2567 1
v 2568 2
v 2569 2
e 2550 2551 0
e 2560 2564 1
e 2552 2553 0
e 2558 2559 0
e 2559 2560 0
e 2554 2563 1
e 2557 2562 0
e 2556 2557 1
e 2554 2555 0
e 2553 2554 0
e 2550 2555 0
e 2561 2562 0
e 2557 2558 0
e 2551 2567 1
e 2567 2568 2
e 2552 2566 1
e 2555 2556 1
e 2560 2561 0
e 2559 2565 1
e 2551 2552 0
e 2567 2569 1
e 2562 2563 1
t # 47
v 2570 0
v 2571 0
v 2572 2
v 2573 0
v 2574 0
v 2575 0
v 2576 0
v 2577 0
v 2578 0
v 2579 1
v 2580 2
v 2581 2
e 2579 2580 2
e 2573 2574 0
e 2575 2576 0
e 2572 2573 1
e 2579 2581 1
e 2574 2575 0
e 2573 2578 0
e 2577 2578 0
e 2570 2571 1
e 2571 2572 1
e 2578 2579 1
e 2576 2577 0
t # 48
v 2582 0
v 2583 0
v 2584 0
v 2585 0
v 2586 0
v 2587 0
v 2588 5
v 2589 1
v 2590 2
v 2591 2
v 2592 5
e 2587 2588 1
e 2582 2583 0
e 2584 2592 1
e 2582 2587 0
e 2583 2584 0
e 2584 2585 0
e 2585 2586 0
e 2589 2590 2
e 2585 2589 1
e 2589 2591 1
e 2586 2587 0
t # 49
v 2625 0
v 2626 0
v 2627 1
v 2628 0
v 2629 0
v 2630 0
v 2631 0
v 2632 0
v 2633 0
v 2634 1
v 2635 1
v 2636 2
v 2637 2
e 2625 2626 1
e 2629 2630 2
e 2632 2633 1
e 2630 2635 1
e 2635 2637 1
e 2630 2631 1
e 2631 2632 2
e 2628 2633 1
e 2628 2629 1
e 2633 2634 2
e 2635 2636 2
e 2626 2634 1
e 2626 2627 2
e 2627 2628 1
t # 50
v 2673 0
v 2674 0
v 2675 1
v 2676 0
v 2677 0
v 2678 1
v 2679 0
v 2680 0
v 2681 2
v 2682 1
v 2683 2
v 2684 2
e 2679 2680 1
e 2674 2678 1
e 2682 2683 2
e 2678 2679 1
e 2676 2677 1
e 2674 2675 2
e 2675 2676 1
e 2682 2684 1
e 2680 2681 1
e 2677 2682 1
e 2677 2678 2
e 2673 2674 1
t # 51
v 2734 0
v 2735 0
v 2736 0
v 2737 0
v 2738 1
v 2739 0
v 2740 1
v 2741 1
v 2742 2
v 2743 2
v 2744 0
v 2745 0
e 2736 2737 1
e 2741 2742 2
e 2737 2738 2
e 2741 2743 1
e 2735 2736 1
e 2739 2740 2
e 2744 2745 2
e 2739 2741 1
e 2734 2745 1
e 2737 2744 1
e 2738 2739 1
e 2736 2740 1
e 2734 2735 2
t # 52
v 2746 0
v 2747 2
v 2748 0
v 2749 0
v 2750 0
v 2751 0
v 2752 0
v 2753 0
v 2754 1
v 2755 2
v 2756 2
v 2757 1
v 2758 2
v 2759 2
e 2757 2759 1
e 2747 2748 1
e 2754 2756 1
e 2749 2750 0
e 2748 2749 0
e 2754 2755 2
e 2750 2751 0
e 2751 2757 1
e 2752 2753 0
e 2746 2747 1
e 2748 2753 0
e 2753 2754 1
e 2757 2758 2
e 2751 2752 0
t # 53
v 2760 0
v 2761 0
v 2762 0
v 2763 0
v 2764 0
v 2765 0
v 2766 1
v 2767 2
v 2768 2
v 2769 1
v 2770 0
v 2771 0
e 2764 2765 0
e 2766 2767 2
e 2760 2765 0
e 2762 2763 0
e 2762 2771 1
e 2761 2762 0
e 2766 2768 1
e 2763 2764 0
e 2760 2761 0
e 2765 2766 1
e 2763 2769 1
e 2770 2771 1
e 2769 2770 1
t # 54
v 2832 0
v 2833 0
v 2834 0
v 2835 0
v 2836 0
v 2837 0
v 2838 1
v 2839 2
v 2840 2
v 2841 1
v 2842 6
v 2843 1
v 2844 2
v 2845 2
e 2832 2837 0
e 2835 2836 0
e 2838 2840 1
e 2834 2835 0
e 2836 2841 1
e 2836 2837 0
e 2837 2838 1
e 2833 2843 1
e 2832 2833 0
e 2835 2842 1
e 2843 2845 1
e 2833 2834 0
e 2843 2844 2
e 2838 2839 2
t # 55
v 3004 0
v 3005 2
v 3006 0
v 3007 0
v 3008 0
v 3009 0
v 3010 0
v 3011 0
v 3012 1
v 3013 2
v 3014 2
e 3005 3006 1
e 3012 3014 1
e 3007 3008 0
e 3006 3007 0
e 3010 3011 0
e 3004 3005 1
e 3012 3013 2
e 3009 3012 1
e 3009 3010 0
e 3008 3009 0
e 3006 3011 0
t # 56
v 3124 0
v 3125 0
v 3126 0
v 3127 0
v 3128 0
v 3129 0
v 3130 5
v 3131 5
v 3132 2
v 3133 0
v 3134 0
v 3135 0
v 3136 0
v 3137 0
v 3138 0
v 3139 5
v 3140 5
v 3141 1
v 3142 2
v 3143 2
v 3144 5
v 3145 2
e 3125 3126 0
e 3135 3136 0
e 3134 3135 0
e 3126 3132 1
e 3127 3128 0
e 3124 3129 0
e 3133 3134 0
e 3136 3141 1
e 3137 3140 1
e 3137 3138 0
e 3124 3125 0
e 3129 3130 1
e 3134 3145 1
e 3128 3129 0
e 3126 3127 0
e 3132 3133 1
e 3141 3143 1
e 3138 3139 1
e 3133 3138 0
e 3125 3145 1
e 3136 3137 0
e 3128 3131 1
e 3135 3144 1
e 3141 3142 2
t # 57
v 3191 0
v 3192 0
v 3193 0
v 3194 0
v 3195 0
v 3196 0
v 3197 0
v 3198 0
v 3199 0
v 3200 2
v 3201 0
v 3202 0
v 3203 0
v 3204 0
v 3205 0
v 3206 0
v 3207 1
v 3208 2
v 3209 2
v 3210 1
v 3211 2
v 3212 2
e 3198 3199 1
e 3207 3209 1
e 3210 3211 2
e 3196 3197 1
e 3195 3196 0
e 3203 3204 0
e 3202 3203 0
e 3204 3205 0
e 3207 3208 2
e 3194 3195 0
e 3205 3206 0
e 3191 3192 0
e 3192 3193 0
e 3201 3206 0
e 3193 3194 0
e 3193 3210 1
e 3199 3201 1
e 3201 3202 0
e 3204 3207 1
e 3199 3200 2
e 3197 3198 2
e 3191 3196 0
e 3210 3212 1
t # 58
v 3241 0
v 3242 0
v 3243 0
v 3244 0
v 3245 0
v 3246 0
v 3247 1
v 3248 1
v 3249 2
v 3250 2
v 3251 1
e 3241 3246 0
e 3248 3249 2
e 3244 3245 0
e 3243 3251 1
e 3248 3250 1
e 3243 3244 0
e 3246 3247 1
e 3245 3246 0
e 3241 3242 0
e 3244 3248 1
e 3242 3243 0
t # 59
v 3252 0
v 3253 0
v 3254 0
v 3255 0
v 3256 0
v 3257 0
v 3258 0
v 3259 0
v 3260 0
v 3261 0
v 3262 1
v 3263 1
v 3264 2
v 3265 2
e 3253 3254 0
e 3257 3258 0
e 3260 3263 1
e 3263 3265 1
e 3255 3256 0
e 3253 3262 0
e 3258 3259 0
e 3261 3262 0
e 3256 3261 0
e 3256 3257 0
e 3263 3264 2
e 3260 3261 0
e 3259 3260 0
e 3254 3255 0
e 3252 3253 1
t # 60
v 3310 0
v 3311 0
v 3312 0
v 3313 0
v 3314 0
v 3315 0
v 3316 3
v 3317 1
v 3318 2
v 3319 2
v 3320 1
v 3321 2
v 3322 2
e 3310 3311 0
e 3317 3319 1
e 3312 3320 1
e 3317 3318 2
e 3310 3315 0
e 3320 3322 1
e 3320 3321 2
e 3314 3315 0
e 3313 3314 0
e 3313 3317 1
e 3312 3313 0
e 3315 3316 1
e 3311 3312 0
t # 61
v 3323 0
v 3324 0
v 3325 0
v 3326 0
v 3327 0
v 3328 0
v 3329 1
v 3330 2
v 3331 2
v 3332 0
v 3333 0
v 3334 1
e 3329 3331 1
e 3327 3328 0
e 3332 3333 1
e 3329 3330 2
e 3326 3332 1
e 3323 3328 0
e 3333 3334 1
e 3324 3325 0
e 3328 3329 1
e 3323 3324 0
e 3326 3327 0
e 3325 3326 0
e 3325 3334 1
t # 62
v 3356 0
v 3357 0
v 3358 0
v 3359 0
v 3360 1
v 3361 0
v 3362 0
v 3363 0
v 3364 0
v 3365 0
v 3366 0
v 3367 0
v 3368 0
v 3369 1
v 3370 2
v 3371 2
e 3358 3359 1
e 3367 3368 1
e 3364 3369 1
e 3359 3360 2
e 3366 3367 2
e 3359 3367 1
e 3362 3363 1
e 3357 3358 1
e 3361 3362 2
e 3369 3370 2
e 3363 3364 2
e 3356 3368 1
e 3356 3357 1
e 3361 3366 1
e 3369 3371 1
e 3364 3365 1
e 3360 3361 1
e 3365 3366 2
t # -1